Episodes Time-Steps Steps-In-One-Episode
0 0 0
1110 1 1110
1373 2 263
1424 3 51
1779 4 355
1948 5 169
2061 6 113
2085 7 24
2127 8 42
2383 9 256
2490 10 107
2536 11 46
2578 12 42
2605 13 27
2632 14 27
2813 15 181
2919 16 106
2975 17 56
3004 18 29
3069 19 65
3094 20 25
3259 21 165
3287 22 28
3428 23 141
3478 24 50
3514 25 36
3566 26 52
3713 27 147
3809 28 96
3848 29 39
3880 30 32
3919 31 39
4030 32 111
4053 33 23
4163 34 110
4193 35 30
4224 36 31
4312 37 88
4386 38 74
4421 39 35
4449 40 28
4485 41 36
4536 42 51
4564 43 28
4622 44 58
4642 45 20
4696 46 54
4737 47 41
4778 48 41
4815 49 37
4841 50 26
4891 51 50
4917 52 26
4936 53 19
5018 54 82
5048 55 30
5090 56 42
5124 57 34
5155 58 31
5186 59 31
5204 60 18
5238 61 34
5272 62 34
5290 63 18
5316 64 26
5359 65 43
5378 66 19
5400 67 22
5426 68 26
5454 69 28
5485 70 31
5507 71 22
5530 72 23
5551 73 21
5592 74 41
5612 75 20
5644 76 32
5677 77 33
5710 78 33
5728 79 18
5768 80 40
5786 81 18
5807 82 21
5836 83 29
5861 84 25
5889 85 28
5911 86 22
5939 87 28
5960 88 21
5976 89 16
6008 90 32
6030 91 22
6045 92 15
6068 93 23
6089 94 21
6112 95 23
6132 96 20
6151 97 19
6169 98 18
6195 99 26
6211 100 16
6243 101 32
6258 102 15
6280 103 22
6305 104 25
6321 105 16
6338 106 17
6360 107 22
6382 108 22
6409 109 27
6425 110 16
6449 111 24
6466 112 17
6483 113 17
6499 114 16
6515 115 16
6530 116 15
6546 117 16
6564 118 18
6580 119 16
6596 120 16
6619 121 23
6634 122 15
6650 123 16
6666 124 16
6681 125 15
6696 126 15
6712 127 16
6732 128 20
6748 129 16
6764 130 16
6779 131 15
6795 132 16
6811 133 16
6826 134 15
6842 135 16
6858 136 16
6873 137 15
6889 138 16
6905 139 16
6920 140 15
6935 141 15
6951 142 16
6967 143 16
6982 144 15
6998 145 16
7014 146 16
7030 147 16
7045 148 15
7061 149 16
7077 150 16
7093 151 16
7108 152 15
7124 153 16
7140 154 16
7155 155 15
7171 156 16
7187 157 16
7202 158 15
7217 159 15
7233 160 16
7249 161 16
7264 162 15
7280 163 16
7296 164 16
7311 165 15
7339 166 28
7355 167 16
7370 168 15
7386 169 16
7402 170 16
7417 171 15
7433 172 16
7449 173 16
7464 174 15
7480 175 16
7496 176 16
7511 177 15
7527 178 16
7543 179 16
7558 180 15
7574 181 16
7589 182 15
7604 183 15
7620 184 16
7636 185 16
7651 186 15
7667 187 16
7683 188 16
7699 189 16
7714 190 15
7729 191 15
7745 192 16
7761 193 16
7776 194 15
7792 195 16
7807 196 15
7823 197 16
7839 198 16
7854 199 15
7869 200 15
