Episodes Time-Steps Steps-In-One-Episode
0 0 0
993 1 993
1204 2 211
1614 3 410
1731 4 117
2011 5 280
2218 6 207
2260 7 42
2294 8 34
2483 9 189
2513 10 30
2537 11 24
2645 12 108
2674 13 29
2797 14 123
2853 15 56
2917 16 64
2957 17 40
3014 18 57
3206 19 192
3246 20 40
3283 21 37
3321 22 38
3354 23 33
3379 24 25
3406 25 27
3603 26 197
3649 27 46
3693 28 44
3712 29 19
3746 30 34
3783 31 37
3809 32 26
3851 33 42
3984 34 133
4015 35 31
4047 36 32
4097 37 50
4123 38 26
4178 39 55
4228 40 50
4277 41 49
4335 42 58
4419 43 84
4479 44 60
4520 45 41
4561 46 41
4595 47 34
4630 48 35
4654 49 24
4680 50 26
4704 51 24
4734 52 30
4758 53 24
4799 54 41
4844 55 45
4880 56 36
4940 57 60
4971 58 31
4994 59 23
5014 60 20
5041 61 27
5066 62 25
5083 63 17
5102 64 19
5138 65 36
5160 66 22
5201 67 41
5256 68 55
5290 69 34
5332 70 42
5361 71 29
5383 72 22
5405 73 22
5435 74 30
5452 75 17
5492 76 40
5517 77 25
5545 78 28
5568 79 23
5590 80 22
5614 81 24
5636 82 22
5664 83 28
5679 84 15
5694 85 15
5721 86 27
5738 87 17
5761 88 23
5788 89 27
5808 90 20
5831 91 23
5849 92 18
5868 93 19
5889 94 21
5905 95 16
5922 96 17
5938 97 16
5954 98 16
5973 99 19
5989 100 16
6007 101 18
6029 102 22
6066 103 37
6087 104 21
6105 105 18
6121 106 16
6137 107 16
6153 108 16
6169 109 16
6185 110 16
6201 111 16
6217 112 16
6233 113 16
6249 114 16
6265 115 16
6281 116 16
6297 117 16
6313 118 16
6329 119 16
6345 120 16
6361 121 16
6377 122 16
6393 123 16
6409 124 16
6425 125 16
6441 126 16
6457 127 16
6473 128 16
6489 129 16
6505 130 16
6521 131 16
6537 132 16
6553 133 16
6569 134 16
6585 135 16
6601 136 16
6617 137 16
6633 138 16
6649 139 16
6665 140 16
6681 141 16
6709 142 28
6730 143 21
6805 144 75
6821 145 16
6837 146 16
6853 147 16
6877 148 24
6897 149 20
6919 150 22
6936 151 17
6958 152 22
6979 153 21
7000 154 21
7017 155 17
7038 156 21
7054 157 16
7069 158 15
7085 159 16
7105 160 20
7131 161 26
7155 162 24
7176 163 21
7198 164 22
7222 165 24
7258 166 36
7280 167 22
7303 168 23
7322 169 19
7344 170 22
7359 171 15
7376 172 17
7393 173 17
7413 174 20
7428 175 15
7443 176 15
7458 177 15
7473 178 15
7488 179 15
7503 180 15
7518 181 15
7533 182 15
7548 183 15
7563 184 15
7578 185 15
7593 186 15
7608 187 15
7623 188 15
7638 189 15
7653 190 15
7668 191 15
7683 192 15
7698 193 15
7713 194 15
7728 195 15
7743 196 15
7758 197 15
7773 198 15
7788 199 15
7803 200 15
