Episodes Time-Steps Steps-In-One-Episode
0 0 0
1422 1 1422
1888 2 466
1951 3 63
2276 4 325
2414 5 138
2577 6 163
2752 7 175
2892 8 140
2944 9 52
3021 10 77
3132 11 111
3173 12 41
3221 13 48
3312 14 91
3347 15 35
3376 16 29
3444 17 68
3553 18 109
3641 19 88
3711 20 70
3754 21 43
3844 22 90
3953 23 109
3980 24 27
4013 25 33
4081 26 68
4102 27 21
4268 28 166
4323 29 55
4362 30 39
4453 31 91
4471 32 18
4495 33 24
4576 34 81
4637 35 61
4662 36 25
4677 37 15
4753 38 76
4813 39 60
4832 40 19
4865 41 33
4901 42 36
4952 43 51
4967 44 15
5015 45 48
5088 46 73
5116 47 28
5139 48 23
5161 49 22
5179 50 18
5198 51 19
5214 52 16
5252 53 38
5271 54 19
5295 55 24
5321 56 26
5344 57 23
5398 58 54
5519 59 121
5542 60 23
5562 61 20
5577 62 15
5600 63 23
5627 64 27
5649 65 22
5661 66 12
5673 67 12
5689 68 16
5706 69 17
5776 70 70
5805 71 29
5812 72 7
5820 73 8
5828 74 8
5835 75 7
5842 76 7
5849 77 7
5856 78 7
5863 79 7
5870 80 7
5877 81 7
5884 82 7
5891 83 7
5898 84 7
5905 85 7
5921 86 16
5980 87 59
5987 88 7
5994 89 7
6001 90 7
6008 91 7
6015 92 7
6022 93 7
6029 94 7
6036 95 7
6043 96 7
6050 97 7
6057 98 7
6064 99 7
6071 100 7
6078 101 7
6085 102 7
6092 103 7
6099 104 7
6106 105 7
6113 106 7
6120 107 7
6127 108 7
6134 109 7
6141 110 7
6148 111 7
6155 112 7
6162 113 7
6169 114 7
6176 115 7
6183 116 7
6190 117 7
6197 118 7
6204 119 7
6211 120 7
6218 121 7
6225 122 7
6232 123 7
6239 124 7
6246 125 7
6253 126 7
6260 127 7
6267 128 7
6274 129 7
6281 130 7
6288 131 7
6295 132 7
6302 133 7
6309 134 7
6316 135 7
6323 136 7
6330 137 7
6337 138 7
6344 139 7
6351 140 7
6358 141 7
6365 142 7
6372 143 7
6379 144 7
6386 145 7
6393 146 7
6400 147 7
6407 148 7
6414 149 7
6421 150 7
6428 151 7
6435 152 7
6442 153 7
6449 154 7
6456 155 7
6463 156 7
6470 157 7
6477 158 7
6484 159 7
6491 160 7
6498 161 7
6505 162 7
6512 163 7
6519 164 7
6526 165 7
6533 166 7
6540 167 7
6547 168 7
6554 169 7
6561 170 7
6568 171 7
6575 172 7
6582 173 7
6589 174 7
6596 175 7
6603 176 7
6610 177 7
6617 178 7
6624 179 7
6631 180 7
6638 181 7
6645 182 7
6652 183 7
6659 184 7
6666 185 7
6673 186 7
6680 187 7
6687 188 7
6694 189 7
6701 190 7
6708 191 7
6715 192 7
6722 193 7
6729 194 7
6736 195 7
6743 196 7
6750 197 7
6757 198 7
6764 199 7
6771 200 7
