Episodes Time-Steps Steps-In-One-Episode
0 0 0
1482 1 1482
1770 2 288
1961 3 191
2049 4 88
2068 5 19
2171 6 103
2448 7 277
2482 8 34
2520 9 38
2657 10 137
2768 11 111
2793 12 25
2838 13 45
2894 14 56
2964 15 70
3096 16 132
3242 17 146
3331 18 89
3353 19 22
3399 20 46
3423 21 24
3539 22 116
3623 23 84
3641 24 18
3690 25 49
3759 26 69
3816 27 57
3841 28 25
3856 29 15
3878 30 22
3890 31 12
3957 32 67
3973 33 16
4036 34 63
4094 35 58
4105 36 11
4189 37 84
4232 38 43
4243 39 11
4274 40 31
4286 41 12
4304 42 18
4326 43 22
4372 44 46
4389 45 17
4455 46 66
4464 47 9
4481 48 17
4497 49 16
4641 50 144
4657 51 16
4668 52 11
4679 53 11
4709 54 30
4717 55 8
4754 56 37
4800 57 46
4812 58 12
4830 59 18
4840 60 10
4854 61 14
4874 62 20
4954 63 80
4980 64 26
4992 65 12
5009 66 17
5026 67 17
5036 68 10
5053 69 17
5074 70 21
5085 71 11
5100 72 15
5107 73 7
5114 74 7
5147 75 33
5173 76 26
5180 77 7
5196 78 16
5222 79 26
5229 80 7
5236 81 7
5257 82 21
5264 83 7
5283 84 19
5307 85 24
5314 86 7
5333 87 19
5359 88 26
5400 89 41
5407 90 7
5414 91 7
5451 92 37
5458 93 7
5465 94 7
5472 95 7
5479 96 7
5486 97 7
5493 98 7
5500 99 7
5507 100 7
5514 101 7
5521 102 7
5528 103 7
5535 104 7
5542 105 7
5549 106 7
5556 107 7
5563 108 7
5570 109 7
5577 110 7
5584 111 7
5591 112 7
5598 113 7
5605 114 7
5612 115 7
5619 116 7
5626 117 7
5633 118 7
5640 119 7
5647 120 7
5654 121 7
5661 122 7
5668 123 7
5675 124 7
5682 125 7
5689 126 7
5696 127 7
5703 128 7
5710 129 7
5717 130 7
5724 131 7
5731 132 7
5738 133 7
5745 134 7
5752 135 7
5759 136 7
5766 137 7
5773 138 7
5780 139 7
5787 140 7
5812 141 25
5857 142 45
5867 143 10
5874 144 7
5881 145 7
5888 146 7
5895 147 7
5902 148 7
5909 149 7
5916 150 7
5923 151 7
5930 152 7
5937 153 7
5944 154 7
5951 155 7
5958 156 7
5965 157 7
5972 158 7
5979 159 7
5986 160 7
5993 161 7
6000 162 7
6007 163 7
6014 164 7
6021 165 7
6028 166 7
6035 167 7
6042 168 7
6049 169 7
6056 170 7
6063 171 7
6070 172 7
6077 173 7
6084 174 7
6091 175 7
6098 176 7
6105 177 7
6112 178 7
6119 179 7
6126 180 7
6133 181 7
6140 182 7
6147 183 7
6154 184 7
6161 185 7
6168 186 7
6175 187 7
6182 188 7
6189 189 7
6196 190 7
6203 191 7
6210 192 7
6217 193 7
6224 194 7
6231 195 7
6238 196 7
6245 197 7
6252 198 7
6259 199 7
6266 200 7
