Episodes Time-Steps Steps-In-One-Episode
0 0 0
24 1 24
96 2 72
315 3 219
532 4 217
714 5 182
888 6 174
958 7 70
985 8 27
1005 9 20
1109 10 104
1135 11 26
1311 12 176
1367 13 56
1456 14 89
1506 15 50
1548 16 42
1634 17 86
1685 18 51
1709 19 24
1727 20 18
1790 21 63
1820 22 30
1981 23 161
2015 24 34
2078 25 63
2119 26 41
2199 27 80
2220 28 21
2344 29 124
2462 30 118
2560 31 98
2655 32 95
2713 33 58
2793 34 80
2851 35 58
2868 36 17
2879 37 11
2894 38 15
2987 39 93
3018 40 31
3075 41 57
3214 42 139
3265 43 51
3386 44 121
3442 45 56
3511 46 69
3534 47 23
3556 48 22
3589 49 33
3694 50 105
3737 51 43
3753 52 16
3806 53 53
3867 54 61
3965 55 98
3986 56 21
4044 57 58
4135 58 91
4161 59 26
4208 60 47
4228 61 20
4344 62 116
4363 63 19
4389 64 26
4442 65 53
4455 66 13
4486 67 31
4498 68 12
4519 69 21
4606 70 87
4633 71 27
4651 72 18
4679 73 28
4715 74 36
4749 75 34
4794 76 45
4814 77 20
4834 78 20
4869 79 35
4913 80 44
4980 81 67
5008 82 28
5073 83 65
5105 84 32
5177 85 72
5196 86 19
5314 87 118
5364 88 50
5418 89 54
5441 90 23
5559 91 118
5574 92 15
5647 93 73
5728 94 81
5746 95 18
5992 96 246
6008 97 16
6028 98 20
6079 99 51
6137 100 58
6154 101 17
6223 102 69
6242 103 19
6257 104 15
6273 105 16
6361 106 88
6372 107 11
6400 108 28
6423 109 23
6467 110 44
6500 111 33
6534 112 34
6567 113 33
6613 114 46
6657 115 44
6726 116 69
6747 117 21
6765 118 18
6815 119 50
6885 120 70
6989 121 104
7026 122 37
7068 123 42
7106 124 38
7133 125 27
7166 126 33
7177 127 11
7242 128 65
7265 129 23
7275 130 10
7288 131 13
7318 132 30
7342 133 24
7384 134 42
7477 135 93
7494 136 17
7565 137 71
7649 138 84
7682 139 33
7755 140 73
7774 141 19
7816 142 42
7841 143 25
7883 144 42
8054 145 171
8073 146 19
8227 147 154
8242 148 15
8289 149 47
8336 150 47
8408 151 72
8419 152 11
8451 153 32
8472 154 21
8516 155 44
8547 156 31
8586 157 39
8604 158 18
8633 159 29
8676 160 43
8699 161 23
8728 162 29
8741 163 13
8791 164 50
8875 165 84
8920 166 45
8976 167 56
9003 168 27
9050 169 47
9066 170 16
9116 171 50
9127 172 11
9177 173 50
9248 174 71
9274 175 26
9283 176 9
9400 177 117
9439 178 39
9468 179 29
9479 180 11
9553 181 74
9603 182 50
9627 183 24
9658 184 31
9756 185 98
9772 186 16
9828 187 56
9873 188 45
9893 189 20
9994 190 101
10033 191 39
10114 192 81
10156 193 42
10175 194 19
10188 195 13
10200 196 12
10215 197 15
10222 198 7
10232 199 10
10248 200 16
10263 201 15
10277 202 14
10287 203 10
10297 204 10
10312 205 15
10336 206 24
10349 207 13
10406 208 57
10437 209 31
10464 210 27
10476 211 12
10485 212 9
10495 213 10
10507 214 12
10516 215 9
10536 216 20
10551 217 15
10575 218 24
10606 219 31
10678 220 72
10698 221 20
10720 222 22
10765 223 45
10799 224 34
10818 225 19
10839 226 21
10899 227 60
10934 228 35
11079 229 145
11104 230 25
11116 231 12
11134 232 18
11148 233 14
11168 234 20
11207 235 39
11221 236 14
11229 237 8
11253 238 24
11263 239 10
11276 240 13
11301 241 25
11316 242 15
11333 243 17
11347 244 14
11358 245 11
11373 246 15
11390 247 17
11413 248 23
11432 249 19
11441 250 9
11454 251 13
11488 252 34
11502 253 14
11546 254 44
11681 255 135
11810 256 129
11821 257 11
11945 258 124
11985 259 40
12029 260 44
12066 261 37
12127 262 61
12144 263 17
12172 264 28
12188 265 16
12254 266 66
12275 267 21
12289 268 14
12342 269 53
12392 270 50
12437 271 45
12464 272 27
12551 273 87
12579 274 28
12615 275 36
12649 276 34
12673 277 24
12727 278 54
12782 279 55
12825 280 43
12897 281 72
13012 282 115
13093 283 81
13200 284 107
13249 285 49
13324 286 75
13410 287 86
13534 288 124
13574 289 40
13588 290 14
13750 291 162
13839 292 89
13856 293 17
13955 294 99
13996 295 41
14035 296 39
14085 297 50
14208 298 123
14233 299 25
14255 300 22
14300 301 45
14397 302 97
14499 303 102
14577 304 78
14625 305 48
14666 306 41
14699 307 33
14722 308 23
14792 309 70
14806 310 14
14836 311 30
14864 312 28
14880 313 16
14903 314 23
14911 315 8
14983 316 72
15003 317 20
15056 318 53
15092 319 36
15112 320 20
15137 321 25
15278 322 141
15311 323 33
15348 324 37
15391 325 43
15435 326 44
15501 327 66
15515 328 14
15703 329 188
15861 330 158
15885 331 24
16029 332 144
16083 333 54
16110 334 27
16171 335 61
16186 336 15
16227 337 41
16240 338 13
16326 339 86
16380 340 54
16402 341 22
16417 342 15
16427 343 10
16474 344 47
16490 345 16
16502 346 12
16511 347 9
16546 348 35
16559 349 13
16581 350 22
16660 351 79
16681 352 21
16688 353 7
16712 354 24
16755 355 43
16827 356 72
16861 357 34
16881 358 20
16941 359 60
16951 360 10
16980 361 29
16996 362 16
17009 363 13
17063 364 54
17103 365 40
17160 366 57
17172 367 12
17190 368 18
17223 369 33
17236 370 13
17264 371 28
17283 372 19
17316 373 33
17357 374 41
17374 375 17
17390 376 16
17425 377 35
17436 378 11
17464 379 28
17485 380 21
17499 381 14
17520 382 21
17531 383 11
17543 384 12
17561 385 18
17578 386 17
17595 387 17
17613 388 18
17633 389 20
17656 390 23
17679 391 23
17688 392 9
17706 393 18
17713 394 7
17722 395 9
17731 396 9
17764 397 33
17775 398 11
17787 399 12
17796 400 9
17812 401 16
17835 402 23
17853 403 18
17881 404 28
17893 405 12
17926 406 33
17975 407 49
18004 408 29
18029 409 25
18038 410 9
18049 411 11
18070 412 21
18080 413 10
18089 414 9
18102 415 13
18109 416 7
18133 417 24
18165 418 32
18175 419 10
18191 420 16
18202 421 11
18213 422 11
18267 423 54
18289 424 22
18303 425 14
18310 426 7
18320 427 10
18329 428 9
18360 429 31
18371 430 11
18390 431 19
18403 432 13
18410 433 7
18422 434 12
18433 435 11
18440 436 7
18449 437 9
18462 438 13
18488 439 26
18497 440 9
18508 441 11
18525 442 17
18541 443 16
18559 444 18
18578 445 19
18595 446 17
18614 447 19
18623 448 9
18635 449 12
18646 450 11
18654 451 8
18664 452 10
18674 453 10
18686 454 12
18700 455 14
18715 456 15
18726 457 11
18751 458 25
18759 459 8
18771 460 12
18782 461 11
18791 462 9
18800 463 9
18812 464 12
18829 465 17
18841 466 12
18862 467 21
18881 468 19
18895 469 14
18913 470 18
18928 471 15
18944 472 16
18963 473 19
18981 474 18
18993 475 12
19019 476 26
19038 477 19
19062 478 24
19088 479 26
19097 480 9
19112 481 15
19120 482 8
19130 483 10
19140 484 10
19150 485 10
19171 486 21
19186 487 15
19197 488 11
19212 489 15
19227 490 15
19242 491 15
19265 492 23
19288 493 23
19303 494 15
19316 495 13
19332 496 16
19348 497 16
19362 498 14
19401 499 39
19419 500 18
19451 501 32
19460 502 9
19475 503 15
19491 504 16
19502 505 11
19518 506 16
19537 507 19
19545 508 8
19555 509 10
19593 510 38
19605 511 12
19623 512 18
19640 513 17
19656 514 16
19664 515 8
19673 516 9
19682 517 9
19689 518 7
19700 519 11
19730 520 30
19739 521 9
19751 522 12
19771 523 20
19780 524 9
19797 525 17
19806 526 9
19819 527 13
19832 528 13
19841 529 9
19852 530 11
19861 531 9
19882 532 21
19892 533 10
19904 534 12
19921 535 17
19935 536 14
19949 537 14
19967 538 18
19986 539 19
19996 540 10
20005 541 9
20024 542 19
20033 543 9
20059 544 26
20072 545 13
20091 546 19
20103 547 12
20114 548 11
20135 549 21
20153 550 18
20164 551 11
20178 552 14
20190 553 12
20233 554 43
20248 555 15
20269 556 21
20280 557 11
20290 558 10
20297 559 7
20305 560 8
20318 561 13
20345 562 27
20369 563 24
20385 564 16
20399 565 14
20409 566 10
20425 567 16
20446 568 21
20464 569 18
20477 570 13
20487 571 10
20499 572 12
20507 573 8
20534 574 27
20572 575 38
20598 576 26
20609 577 11
20619 578 10
20634 579 15
20647 580 13
20655 581 8
20665 582 10
20674 583 9
20688 584 14
20698 585 10
20707 586 9
20718 587 11
20728 588 10
20743 589 15
20757 590 14
20767 591 10
20777 592 10
20799 593 22
20807 594 8
20830 595 23
20838 596 8
20864 597 26
20877 598 13
20890 599 13
20901 600 11
20913 601 12
20929 602 16
20946 603 17
20962 604 16
20976 605 14
20994 606 18
21010 607 16
21017 608 7
21029 609 12
21042 610 13
21054 611 12
21063 612 9
21081 613 18
21094 614 13
21109 615 15
21121 616 12
21134 617 13
21144 618 10
21159 619 15
21167 620 8
21176 621 9
21183 622 7
21191 623 8
21206 624 15
21215 625 9
21222 626 7
21233 627 11
21244 628 11
21253 629 9
21264 630 11
21277 631 13
21301 632 24
21310 633 9
21327 634 17
21336 635 9
21351 636 15
21363 637 12
21372 638 9
21383 639 11
21404 640 21
21424 641 20
21433 642 9
21444 643 11
21459 644 15
21470 645 11
21482 646 12
21491 647 9
21502 648 11
21513 649 11
21529 650 16
21552 651 23
21570 652 18
21594 653 24
21603 654 9
21611 655 8
21624 656 13
21647 657 23
21656 658 9
21663 659 7
21672 660 9
21683 661 11
21694 662 11
21704 663 10
21719 664 15
21726 665 7
21737 666 11
21766 667 29
21785 668 19
21796 669 11
21811 670 15
21827 671 16
21837 672 10
21844 673 7
21857 674 13
21870 675 13
21880 676 10
21892 677 12
21901 678 9
21914 679 13
21923 680 9
21938 681 15
21947 682 9
21964 683 17
21971 684 7
21983 685 12
21994 686 11
22015 687 21
22028 688 13
22043 689 15
22052 690 9
22059 691 7
22078 692 19
22085 693 7
22098 694 13
22110 695 12
22128 696 18
22147 697 19
22158 698 11
22165 699 7
22174 700 9
22181 701 7
22188 702 7
22199 703 11
22217 704 18
22238 705 21
22261 706 23
22275 707 14
22282 708 7
22309 709 27
22317 710 8
22336 711 19
22343 712 7
22353 713 10
22362 714 9
22371 715 9
22403 716 32
22410 717 7
22420 718 10
22453 719 33
22462 720 9
22471 721 9
22485 722 14
22528 723 43
22540 724 12
22552 725 12
22560 726 8
22583 727 23
22604 728 21
22613 729 9
22622 730 9
22635 731 13
22662 732 27
22681 733 19
22696 734 15
22710 735 14
22728 736 18
22735 737 7
22749 738 14
22760 739 11
22767 740 7
22774 741 7
22789 742 15
22797 743 8
22806 744 9
22826 745 20
22836 746 10
22846 747 10
22878 748 32
22890 749 12
22908 750 18
22950 751 42
22975 752 25
22982 753 7
23001 754 19
23011 755 10
23018 756 7
23025 757 7
23043 758 18
23067 759 24
23079 760 12
23103 761 24
23113 762 10
23137 763 24
23152 764 15
23167 765 15
23184 766 17
23193 767 9
23217 768 24
23232 769 15
23239 770 7
23261 771 22
23287 772 26
23301 773 14
23311 774 10
23325 775 14
23336 776 11
23386 777 50
23393 778 7
23454 779 61
23485 780 31
23511 781 26
23596 782 85
23741 783 145
23791 784 50
23814 785 23
23855 786 41
23874 787 19
23903 788 29
23920 789 17
23935 790 15
23971 791 36
23999 792 28
24033 793 34
24044 794 11
24118 795 74
24159 796 41
24176 797 17
24191 798 15
24224 799 33
24249 800 25
24276 801 27
24301 802 25
24320 803 19
24350 804 30
24379 805 29
24402 806 23
24419 807 17
24473 808 54
24503 809 30
24534 810 31
24563 811 29
24598 812 35
24679 813 81
24703 814 24
24748 815 45
24781 816 33
24801 817 20
24814 818 13
24830 819 16
24882 820 52
24906 821 24
24926 822 20
24939 823 13
24968 824 29
24978 825 10
24987 826 9
25066 827 79
25113 828 47
25141 829 28
25167 830 26
25205 831 38
25236 832 31
25270 833 34
25301 834 31
25324 835 23
25338 836 14
25347 837 9
25366 838 19
25383 839 17
25395 840 12
25414 841 19
25433 842 19
25459 843 26
25473 844 14
25482 845 9
25500 846 18
25509 847 9
25518 848 9
25539 849 21
25548 850 9
25561 851 13
25572 852 11
25592 853 20
25609 854 17
25625 855 16
25637 856 12
25663 857 26
25678 858 15
25689 859 11
25705 860 16
25726 861 21
25738 862 12
25749 863 11
25759 864 10
25779 865 20
25787 866 8
25796 867 9
25804 868 8
25819 869 15
25829 870 10
25840 871 11
25880 872 40
25895 873 15
25906 874 11
25918 875 12
25941 876 23
25967 877 26
25984 878 17
26001 879 17
26020 880 19
26040 881 20
26055 882 15
26069 883 14
26077 884 8
26091 885 14
26129 886 38
26138 887 9
26152 888 14
26175 889 23
26184 890 9
26199 891 15
26213 892 14
26229 893 16
26250 894 21
26262 895 12
26270 896 8
26309 897 39
26327 898 18
26338 899 11
26360 900 22
26382 901 22
26407 902 25
26427 903 20
26435 904 8
26448 905 13
26465 906 17
26485 907 20
26493 908 8
26506 909 13
26516 910 10
26535 911 19
26564 912 29
26586 913 22
26600 914 14
26620 915 20
26637 916 17
26660 917 23
26675 918 15
26696 919 21
26708 920 12
26717 921 9
26725 922 8
26747 923 22
26761 924 14
26776 925 15
26789 926 13
26797 927 8
26830 928 33
26847 929 17
26864 930 17
26871 931 7
26878 932 7
26894 933 16
26905 934 11
26930 935 25
26968 936 38
27001 937 33
27011 938 10
27033 939 22
27046 940 13
27054 941 8
27085 942 31
27104 943 19
27120 944 16
27130 945 10
27139 946 9
27149 947 10
27179 948 30
27190 949 11
27201 950 11
27215 951 14
27231 952 16
27255 953 24
27269 954 14
27293 955 24
27302 956 9
27321 957 19
27333 958 12
27354 959 21
27384 960 30
27397 961 13
27411 962 14
27418 963 7
27429 964 11
27441 965 12
27448 966 7
27464 967 16
27476 968 12
27483 969 7
27492 970 9
27500 971 8
27508 972 8
27517 973 9
27528 974 11
27546 975 18
27554 976 8
27563 977 9
27575 978 12
27584 979 9
27598 980 14
27624 981 26
27687 982 63
27713 983 26
27737 984 24
27803 985 66
27827 986 24
27852 987 25
27868 988 16
27890 989 22
27901 990 11
27918 991 17
27937 992 19
27946 993 9
27972 994 26
27983 995 11
28009 996 26
28024 997 15
28044 998 20
28058 999 14
28076 1000 18
28102 1001 26
28114 1002 12
28125 1003 11
28133 1004 8
28148 1005 15
28161 1006 13
28179 1007 18
28192 1008 13
28205 1009 13
28219 1010 14
28238 1011 19
28265 1012 27
28291 1013 26
28301 1014 10
28315 1015 14
28326 1016 11
28349 1017 23
28356 1018 7
28368 1019 12
28375 1020 7
28390 1021 15
28405 1022 15
28412 1023 7
28429 1024 17
28448 1025 19
28459 1026 11
28468 1027 9
28482 1028 14
28506 1029 24
28532 1030 26
28543 1031 11
28556 1032 13
28564 1033 8
28575 1034 11
28595 1035 20
28605 1036 10
28613 1037 8
28625 1038 12
28632 1039 7
28652 1040 20
28685 1041 33
28698 1042 13
28711 1043 13
28722 1044 11
28734 1045 12
28743 1046 9
28763 1047 20
28802 1048 39
28821 1049 19
28841 1050 20
28881 1051 40
28918 1052 37
28928 1053 10
28949 1054 21
28970 1055 21
28986 1056 16
28996 1057 10
29004 1058 8
29017 1059 13
29038 1060 21
29061 1061 23
29073 1062 12
29090 1063 17
29120 1064 30
29128 1065 8
29137 1066 9
29166 1067 29
29197 1068 31
29232 1069 35
29255 1070 23
29267 1071 12
29279 1072 12
29287 1073 8
29301 1074 14
29311 1075 10
29324 1076 13
29355 1077 31
29363 1078 8
29370 1079 7
29379 1080 9
29387 1081 8
29396 1082 9
29418 1083 22
29436 1084 18
29459 1085 23
29470 1086 11
29489 1087 19
29497 1088 8
29511 1089 14
29519 1090 8
29544 1091 25
29568 1092 24
29580 1093 12
29608 1094 28
29626 1095 18
29633 1096 7
29650 1097 17
29657 1098 7
29673 1099 16
29694 1100 21
29707 1101 13
29719 1102 12
29737 1103 18
29745 1104 8
29757 1105 12
29806 1106 49
29820 1107 14
29858 1108 38
29870 1109 12
29885 1110 15
29894 1111 9
29909 1112 15
29916 1113 7
29928 1114 12
29946 1115 18
30020 1116 74
30028 1117 8
30142 1118 114
30193 1119 51
30217 1120 24
30230 1121 13
30238 1122 8
30268 1123 30
30282 1124 14
30289 1125 7
30309 1126 20
30326 1127 17
30338 1128 12
30349 1129 11
30367 1130 18
30378 1131 11
30391 1132 13
30410 1133 19
30423 1134 13
30450 1135 27
30469 1136 19
30493 1137 24
30521 1138 28
30534 1139 13
30548 1140 14
30557 1141 9
30569 1142 12
30580 1143 11
30598 1144 18
30609 1145 11
30633 1146 24
30644 1147 11
30657 1148 13
30671 1149 14
30683 1150 12
30690 1151 7
30700 1152 10
30708 1153 8
30725 1154 17
30742 1155 17
30751 1156 9
30758 1157 7
30777 1158 19
30791 1159 14
30801 1160 10
30812 1161 11
30822 1162 10
30831 1163 9
30842 1164 11
30861 1165 19
30875 1166 14
30882 1167 7
30894 1168 12
30902 1169 8
30910 1170 8
30919 1171 9
30930 1172 11
30948 1173 18
30958 1174 10
30974 1175 16
30987 1176 13
30996 1177 9
31007 1178 11
31014 1179 7
31022 1180 8
31031 1181 9
31046 1182 15
31059 1183 13
31074 1184 15
31086 1185 12
31094 1186 8
31102 1187 8
31120 1188 18
31134 1189 14
31144 1190 10
31151 1191 7
31161 1192 10
31168 1193 7
31185 1194 17
31193 1195 8
31202 1196 9
31215 1197 13
31223 1198 8
31232 1199 9
31245 1200 13
31252 1201 7
31260 1202 8
31269 1203 9
31278 1204 9
31288 1205 10
31300 1206 12
31311 1207 11
31319 1208 8
31330 1209 11
31340 1210 10
31347 1211 7
31367 1212 20
31375 1213 8
31383 1214 8
31391 1215 8
31409 1216 18
31422 1217 13
31431 1218 9
31440 1219 9
31453 1220 13
31462 1221 9
31472 1222 10
31502 1223 30
31513 1224 11
31526 1225 13
31538 1226 12
31545 1227 7
31554 1228 9
31568 1229 14
31579 1230 11
31587 1231 8
31599 1232 12
31608 1233 9
31618 1234 10
31633 1235 15
31640 1236 7
31649 1237 9
31658 1238 9
31667 1239 9
31677 1240 10
31687 1241 10
31698 1242 11
31707 1243 9
31715 1244 8
31725 1245 10
31733 1246 8
31751 1247 18
31763 1248 12
31771 1249 8
31789 1250 18
31796 1251 7
31824 1252 28
31831 1253 7
31839 1254 8
31848 1255 9
31857 1256 9
31872 1257 15
31880 1258 8
31890 1259 10
31903 1260 13
31912 1261 9
31919 1262 7
31926 1263 7
31935 1264 9
31942 1265 7
31951 1266 9
31958 1267 7
31968 1268 10
31978 1269 10
31987 1270 9
31998 1271 11
32006 1272 8
32033 1273 27
32043 1274 10
32057 1275 14
32068 1276 11
32075 1277 7
32084 1278 9
32092 1279 8
32103 1280 11
32141 1281 38
32150 1282 9
32162 1283 12
32170 1284 8
32178 1285 8
32188 1286 10
32196 1287 8
32204 1288 8
32213 1289 9
32234 1290 21
32242 1291 8
32254 1292 12
32274 1293 20
32283 1294 9
32294 1295 11
32302 1296 8
32310 1297 8
32328 1298 18
32336 1299 8
32350 1300 14
32359 1301 9
32366 1302 7
32378 1303 12
32388 1304 10
32401 1305 13
32423 1306 22
32439 1307 16
32448 1308 9
32460 1309 12
32468 1310 8
32477 1311 9
32493 1312 16
32504 1313 11
32525 1314 21
32538 1315 13
32550 1316 12
32557 1317 7
32566 1318 9
32575 1319 9
32586 1320 11
32598 1321 12
32605 1322 7
32620 1323 15
32627 1324 7
32635 1325 8
32642 1326 7
32656 1327 14
32671 1328 15
32681 1329 10
32705 1330 24
32719 1331 14
32726 1332 7
32747 1333 21
32754 1334 7
32763 1335 9
32771 1336 8
32779 1337 8
32789 1338 10
32800 1339 11
32809 1340 9
32819 1341 10
32831 1342 12
32844 1343 13
32857 1344 13
32870 1345 13
32877 1346 7
32884 1347 7
32899 1348 15
32907 1349 8
32921 1350 14
32930 1351 9
32958 1352 28
32967 1353 9
32978 1354 11
32985 1355 7
33003 1356 18
33010 1357 7
33022 1358 12
33032 1359 10
33041 1360 9
33053 1361 12
33062 1362 9
33070 1363 8
33077 1364 7
33086 1365 9
33093 1366 7
33102 1367 9
33118 1368 16
33129 1369 11
33139 1370 10
33148 1371 9
33160 1372 12
33170 1373 10
33182 1374 12
33200 1375 18
33207 1376 7
33214 1377 7
33249 1378 35
33257 1379 8
33265 1380 8
33294 1381 29
33303 1382 9
33311 1383 8
33321 1384 10
33336 1385 15
33347 1386 11
33354 1387 7
33372 1388 18
33379 1389 7
33389 1390 10
33400 1391 11
33410 1392 10
33417 1393 7
33425 1394 8
33433 1395 8
33459 1396 26
33474 1397 15
33483 1398 9
33495 1399 12
33503 1400 8
33521 1401 18
33529 1402 8
33552 1403 23
33575 1404 23
33623 1405 48
33634 1406 11
33642 1407 8
33650 1408 8
33663 1409 13
33676 1410 13
33684 1411 8
33728 1412 44
33742 1413 14
33778 1414 36
33819 1415 41
33844 1416 25
33860 1417 16
33869 1418 9
33887 1419 18
33899 1420 12
33913 1421 14
33965 1422 52
33985 1423 20
33994 1424 9
34062 1425 68
34069 1426 7
34101 1427 32
34116 1428 15
34132 1429 16
34155 1430 23
34165 1431 10
34177 1432 12
34210 1433 33
34233 1434 23
34242 1435 9
34261 1436 19
34270 1437 9
34283 1438 13
34294 1439 11
34301 1440 7
34310 1441 9
34333 1442 23
34340 1443 7
34351 1444 11
34360 1445 9
34371 1446 11
34386 1447 15
34407 1448 21
34416 1449 9
34435 1450 19
34448 1451 13
34467 1452 19
34476 1453 9
34488 1454 12
34506 1455 18
34515 1456 9
34526 1457 11
34551 1458 25
34564 1459 13
34579 1460 15
34598 1461 19
34606 1462 8
34619 1463 13
34644 1464 25
34655 1465 11
34663 1466 8
34677 1467 14
34686 1468 9
34695 1469 9
34714 1470 19
34721 1471 7
34741 1472 20
34760 1473 19
34777 1474 17
34800 1475 23
34815 1476 15
34824 1477 9
34837 1478 13
34848 1479 11
34855 1480 7
34866 1481 11
34875 1482 9
34888 1483 13
34901 1484 13
34916 1485 15
34933 1486 17
34944 1487 11
34957 1488 13
34964 1489 7
34975 1490 11
34983 1491 8
34996 1492 13
35011 1493 15
35022 1494 11
35037 1495 15
35047 1496 10
35060 1497 13
35067 1498 7
35078 1499 11
35087 1500 9
35096 1501 9
35107 1502 11
35128 1503 21
35142 1504 14
35151 1505 9
35158 1506 7
35167 1507 9
35182 1508 15
35193 1509 11
35206 1510 13
35213 1511 7
35220 1512 7
35237 1513 17
35248 1514 11
35255 1515 7
35276 1516 21
35287 1517 11
35303 1518 16
35323 1519 20
35334 1520 11
35341 1521 7
35350 1522 9
35358 1523 8
35373 1524 15
35380 1525 7
35394 1526 14
35415 1527 21
35424 1528 9
35431 1529 7
35444 1530 13
35453 1531 9
35462 1532 9
35476 1533 14
35487 1534 11
35500 1535 13
35510 1536 10
35517 1537 7
35528 1538 11
35539 1539 11
35549 1540 10
35558 1541 9
35565 1542 7
35574 1543 9
35588 1544 14
35621 1545 33
35630 1546 9
35645 1547 15
35659 1548 14
35668 1549 9
35692 1550 24
35704 1551 12
35719 1552 15
35744 1553 25
35752 1554 8
35785 1555 33
35792 1556 7
35813 1557 21
35824 1558 11
35853 1559 29
35864 1560 11
35873 1561 9
35890 1562 17
35900 1563 10
35911 1564 11
35930 1565 19
35946 1566 16
35956 1567 10
35963 1568 7
35973 1569 10
35986 1570 13
35996 1571 10
36015 1572 19
36028 1573 13
36055 1574 27
36062 1575 7
36071 1576 9
36084 1577 13
36103 1578 19
36122 1579 19
36143 1580 21
36162 1581 19
36185 1582 23
36192 1583 7
36199 1584 7
36208 1585 9
36220 1586 12
36231 1587 11
36250 1588 19
36259 1589 9
36272 1590 13
36281 1591 9
36289 1592 8
36302 1593 13
36325 1594 23
36336 1595 11
36343 1596 7
36350 1597 7
36360 1598 10
36377 1599 17
36390 1600 13
36404 1601 14
36411 1602 7
36420 1603 9
36437 1604 17
36446 1605 9
36459 1606 13
36474 1607 15
36481 1608 7
36488 1609 7
36497 1610 9
36506 1611 9
36517 1612 11
36528 1613 11
36537 1614 9
36546 1615 9
36554 1616 8
36583 1617 29
36590 1618 7
36601 1619 11
36620 1620 19
36627 1621 7
36636 1622 9
36648 1623 12
36655 1624 7
36664 1625 9
36671 1626 7
36688 1627 17
36699 1628 11
36713 1629 14
36723 1630 10
36732 1631 9
36745 1632 13
36756 1633 11
36774 1634 18
36800 1635 26
36807 1636 7
36822 1637 15
36845 1638 23
36854 1639 9
36865 1640 11
36872 1641 7
36887 1642 15
36896 1643 9
36905 1644 9
36914 1645 9
36923 1646 9
36932 1647 9
36954 1648 22
36961 1649 7
36970 1650 9
36980 1651 10
36993 1652 13
37000 1653 7
37007 1654 7
37016 1655 9
37027 1656 11
37042 1657 15
37063 1658 21
37074 1659 11
37093 1660 19
37103 1661 10
37112 1662 9
37141 1663 29
37154 1664 13
37166 1665 12
37173 1666 7
37188 1667 15
37198 1668 10
37208 1669 10
37222 1670 14
37231 1671 9
37241 1672 10
37256 1673 15
37271 1674 15
37278 1675 7
37289 1676 11
37305 1677 16
37314 1678 9
37327 1679 13
37342 1680 15
37353 1681 11
37360 1682 7
37377 1683 17
37387 1684 10
37396 1685 9
37407 1686 11
37415 1687 8
37434 1688 19
37443 1689 9
37455 1690 12
37466 1691 11
37481 1692 15
37494 1693 13
37501 1694 7
37508 1695 7
37532 1696 24
37543 1697 11
37552 1698 9
37562 1699 10
37574 1700 12
37589 1701 15
37630 1702 41
37641 1703 11
37650 1704 9
37662 1705 12
37675 1706 13
37692 1707 17
37699 1708 7
37710 1709 11
37725 1710 15
37735 1711 10
37756 1712 21
37776 1713 20
37797 1714 21
37812 1715 15
37821 1716 9
37829 1717 8
37840 1718 11
37847 1719 7
37870 1720 23
37880 1721 10
37891 1722 11
37910 1723 19
37917 1724 7
37928 1725 11
37935 1726 7
37948 1727 13
37955 1728 7
37968 1729 13
37975 1730 7
37984 1731 9
37993 1732 9
38009 1733 16
38016 1734 7
38039 1735 23
38052 1736 13
38065 1737 13
38076 1738 11
38085 1739 9
38095 1740 10
38117 1741 22
38128 1742 11
38139 1743 11
38148 1744 9
38160 1745 12
38175 1746 15
38184 1747 9
38200 1748 16
38213 1749 13
38220 1750 7
38229 1751 9
38255 1752 26
38274 1753 19
38295 1754 21
38302 1755 7
38309 1756 7
38320 1757 11
38327 1758 7
38334 1759 7
38341 1760 7
38350 1761 9
38359 1762 9
38376 1763 17
38385 1764 9
38396 1765 11
38403 1766 7
38410 1767 7
38439 1768 29
38453 1769 14
38471 1770 18
38484 1771 13
38499 1772 15
38506 1773 7
38521 1774 15
38535 1775 14
38553 1776 18
38563 1777 10
38572 1778 9
38581 1779 9
38601 1780 20
38610 1781 9
38628 1782 18
38635 1783 7
38642 1784 7
38659 1785 17
38672 1786 13
38683 1787 11
38690 1788 7
38705 1789 15
38718 1790 13
38727 1791 9
38746 1792 19
38753 1793 7
38775 1794 22
38782 1795 7
38789 1796 7
38796 1797 7
38814 1798 18
38821 1799 7
38830 1800 9
38839 1801 9
38846 1802 7
38859 1803 13
38875 1804 16
38884 1805 9
38891 1806 7
38902 1807 11
38915 1808 13
38928 1809 13
38943 1810 15
38954 1811 11
38971 1812 17
38978 1813 7
38991 1814 13
39000 1815 9
39013 1816 13
39039 1817 26
39060 1818 21
39069 1819 9
39080 1820 11
39093 1821 13
39120 1822 27
39138 1823 18
39149 1824 11
39157 1825 8
39173 1826 16
39180 1827 7
39202 1828 22
39214 1829 12
39244 1830 30
39260 1831 16
39430 1832 170
39451 1833 21
39492 1834 41
39523 1835 31
39538 1836 15
39559 1837 21
39592 1838 33
39614 1839 22
39639 1840 25
39657 1841 18
39671 1842 14
39689 1843 18
39705 1844 16
39742 1845 37
39762 1846 20
39788 1847 26
39800 1848 12
39824 1849 24
39850 1850 26
39880 1851 30
39901 1852 21
39916 1853 15
39955 1854 39
40072 1855 117
40145 1856 73
40278 1857 133
40321 1858 43
40396 1859 75
40474 1860 78
40612 1861 138
40627 1862 15
40683 1863 56
40703 1864 20
40745 1865 42
40759 1866 14
40843 1867 84
40856 1868 13
40900 1869 44
40924 1870 24
41000 1871 76
41034 1872 34
41081 1873 47
41104 1874 23
41121 1875 17
41141 1876 20
41158 1877 17
41186 1878 28
41211 1879 25
41229 1880 18
41269 1881 40
41294 1882 25
41312 1883 18
41321 1884 9
41347 1885 26
41368 1886 21
41398 1887 30
41415 1888 17
41469 1889 54
41485 1890 16
41498 1891 13
41553 1892 55
41588 1893 35
41626 1894 38
41659 1895 33
41712 1896 53
41786 1897 74
41817 1898 31
41828 1899 11
41835 1900 7
41858 1901 23
41873 1902 15
41897 1903 24
41922 1904 25
41960 1905 38
41977 1906 17
41992 1907 15
42016 1908 24
42028 1909 12
42270 1910 242
42304 1911 34
42348 1912 44
42367 1913 19
42433 1914 66
42473 1915 40
42571 1916 98
42580 1917 9
42596 1918 16
42609 1919 13
42645 1920 36
42675 1921 30
42705 1922 30
42740 1923 35
42777 1924 37
42837 1925 60
42873 1926 36
42904 1927 31
42918 1928 14
42950 1929 32
42975 1930 25
43002 1931 27
43038 1932 36
43066 1933 28
43100 1934 34
43118 1935 18
43128 1936 10
43195 1937 67
43261 1938 66
43292 1939 31
43308 1940 16
43339 1941 31
43384 1942 45
43406 1943 22
43413 1944 7
43497 1945 84
43514 1946 17
43521 1947 7
43538 1948 17
43546 1949 8
43555 1950 9
43567 1951 12
43579 1952 12
43591 1953 12
43613 1954 22
43635 1955 22
43659 1956 24
43684 1957 25
43691 1958 7
43699 1959 8
43706 1960 7
43718 1961 12
43733 1962 15
43745 1963 12
43755 1964 10
43770 1965 15
43778 1966 8
43792 1967 14
43811 1968 19
43818 1969 7
43840 1970 22
43859 1971 19
43867 1972 8
43886 1973 19
43915 1974 29
43926 1975 11
43933 1976 7
43956 1977 23
43963 1978 7
43970 1979 7
43978 1980 8
43989 1981 11
43996 1982 7
44003 1983 7
44037 1984 34
44049 1985 12
44057 1986 8
44065 1987 8
44078 1988 13
44086 1989 8
44102 1990 16
44118 1991 16
44125 1992 7
44143 1993 18
44165 1994 22
44176 1995 11
44185 1996 9
44200 1997 15
44212 1998 12
44232 1999 20
44256 2000 24
44263 2001 7
44270 2002 7
44290 2003 20
44297 2004 7
44312 2005 15
44325 2006 13
44332 2007 7
44340 2008 8
44353 2009 13
44362 2010 9
44374 2011 12
44383 2012 9
44393 2013 10
44423 2014 30
44430 2015 7
44442 2016 12
44449 2017 7
44456 2018 7
44470 2019 14
44485 2020 15
44493 2021 8
44503 2022 10
44511 2023 8
44536 2024 25
44548 2025 12
44555 2026 7
44566 2027 11
44614 2028 48
44631 2029 17
44648 2030 17
44655 2031 7
44664 2032 9
44681 2033 17
44689 2034 8
44701 2035 12
44725 2036 24
44737 2037 12
44745 2038 8
44756 2039 11
44763 2040 7
44779 2041 16
44792 2042 13
44809 2043 17
44816 2044 7
44823 2045 7
44831 2046 8
44858 2047 27
44874 2048 16
44893 2049 19
44912 2050 19
44919 2051 7
44928 2052 9
44938 2053 10
44964 2054 26
44977 2055 13
44990 2056 13
44997 2057 7
45006 2058 9
45022 2059 16
45033 2060 11
45044 2061 11
45065 2062 21
45072 2063 7
45081 2064 9
45104 2065 23
45114 2066 10
45129 2067 15
45139 2068 10
45164 2069 25
45185 2070 21
45192 2071 7
45206 2072 14
45219 2073 13
45227 2074 8
45241 2075 14
45252 2076 11
45290 2077 38
45316 2078 26
45349 2079 33
45363 2080 14
45376 2081 13
45401 2082 25
45412 2083 11
45429 2084 17
45454 2085 25
45461 2086 7
45477 2087 16
45507 2088 30
45519 2089 12
45526 2090 7
45535 2091 9
45548 2092 13
45575 2093 27
45591 2094 16
45602 2095 11
45613 2096 11
45635 2097 22
45652 2098 17
45666 2099 14
45673 2100 7
45683 2101 10
45697 2102 14
45707 2103 10
45727 2104 20
45747 2105 20
45754 2106 7
45762 2107 8
45769 2108 7
45801 2109 32
45810 2110 9
45838 2111 28
45849 2112 11
45873 2113 24
45884 2114 11
45915 2115 31
45925 2116 10
45943 2117 18
45952 2118 9
45966 2119 14
46002 2120 36
46014 2121 12
46041 2122 27
46060 2123 19
46068 2124 8
46076 2125 8
46085 2126 9
46097 2127 12
46110 2128 13
46127 2129 17
46134 2130 7
46145 2131 11
46154 2132 9
46164 2133 10
46181 2134 17
46216 2135 35
46224 2136 8
46231 2137 7
46241 2138 10
46248 2139 7
46261 2140 13
46284 2141 23
46307 2142 23
46316 2143 9
46335 2144 19
46352 2145 17
46378 2146 26
46397 2147 19
46411 2148 14
46419 2149 8
46426 2150 7
46457 2151 31
46469 2152 12
46491 2153 22
46503 2154 12
46510 2155 7
46525 2156 15
46532 2157 7
46539 2158 7
46566 2159 27
46581 2160 15
46592 2161 11
46626 2162 34
46640 2163 14
46652 2164 12
46661 2165 9
46674 2166 13
46689 2167 15
46707 2168 18
46717 2169 10
46725 2170 8
46736 2171 11
46751 2172 15
46762 2173 11
46779 2174 17
46787 2175 8
46808 2176 21
46815 2177 7
46849 2178 34
46891 2179 42
46913 2180 22
46931 2181 18
46938 2182 7
46945 2183 7
46955 2184 10
46962 2185 7
46971 2186 9
46989 2187 18
47013 2188 24
47021 2189 8
47028 2190 7
47089 2191 61
47096 2192 7
47108 2193 12
47124 2194 16
47136 2195 12
47144 2196 8
47152 2197 8
47161 2198 9
47173 2199 12
47188 2200 15
47215 2201 27
47222 2202 7
47232 2203 10
47240 2204 8
47258 2205 18
47277 2206 19
47286 2207 9
47295 2208 9
47312 2209 17
47319 2210 7
47334 2211 15
47345 2212 11
47371 2213 26
47400 2214 29
47408 2215 8
47416 2216 8
47426 2217 10
47449 2218 23
47456 2219 7
47470 2220 14
47477 2221 7
47485 2222 8
47500 2223 15
47511 2224 11
47556 2225 45
47578 2226 22
47589 2227 11
47604 2228 15
47612 2229 8
47660 2230 48
47692 2231 32
47699 2232 7
47716 2233 17
47726 2234 10
47736 2235 10
47757 2236 21
47767 2237 10
47805 2238 38
47812 2239 7
47849 2240 37
47856 2241 7
47865 2242 9
47878 2243 13
47885 2244 7
47897 2245 12
47904 2246 7
47911 2247 7
47939 2248 28
47976 2249 37
47997 2250 21
48004 2251 7
48017 2252 13
48031 2253 14
48052 2254 21
48069 2255 17
48077 2256 8
48087 2257 10
48101 2258 14
48131 2259 30
48150 2260 19
48162 2261 12
48175 2262 13
48185 2263 10
48196 2264 11
48221 2265 25
48231 2266 10
48238 2267 7
48246 2268 8
48253 2269 7
48263 2270 10
48278 2271 15
48285 2272 7
48297 2273 12
48307 2274 10
48320 2275 13
48328 2276 8
48340 2277 12
48349 2278 9
48360 2279 11
48367 2280 7
48385 2281 18
48393 2282 8
48403 2283 10
48414 2284 11
48432 2285 18
48441 2286 9
48455 2287 14
48462 2288 7
48469 2289 7
48476 2290 7
48486 2291 10
48514 2292 28
48524 2293 10
48538 2294 14
48545 2295 7
48552 2296 7
48560 2297 8
48568 2298 8
48580 2299 12
48589 2300 9
48600 2301 11
48609 2302 9
48633 2303 24
48655 2304 22
48666 2305 11
48688 2306 22
48695 2307 7
48706 2308 11
48717 2309 11
48728 2310 11
48743 2311 15
48765 2312 22
48781 2313 16
48792 2314 11
48803 2315 11
48817 2316 14
48824 2317 7
48832 2318 8
48857 2319 25
48867 2320 10
48878 2321 11
48885 2322 7
48905 2323 20
48912 2324 7
48938 2325 26
48945 2326 7
48953 2327 8
48979 2328 26
48990 2329 11
48997 2330 7
49015 2331 18
49028 2332 13
49044 2333 16
49057 2334 13
49076 2335 19
49091 2336 15
49104 2337 13
49116 2338 12
49138 2339 22
49146 2340 8
49156 2341 10
49165 2342 9
49178 2343 13
49191 2344 13
49219 2345 28
49230 2346 11
49240 2347 10
49251 2348 11
49258 2349 7
49297 2350 39
49305 2351 8
49328 2352 23
49337 2353 9
49344 2354 7
49355 2355 11
49365 2356 10
49372 2357 7
49389 2358 17
49406 2359 17
49429 2360 23
49481 2361 52
49495 2362 14
49530 2363 35
49545 2364 15
49571 2365 26
49597 2366 26
49632 2367 35
49658 2368 26
49673 2369 15
49692 2370 19
49708 2371 16
49718 2372 10
49744 2373 26
49782 2374 38
49794 2375 12
49816 2376 22
49828 2377 12
49840 2378 12
49847 2379 7
49886 2380 39
49893 2381 7
49902 2382 9
49914 2383 12
49953 2384 39
49961 2385 8
49989 2386 28
50015 2387 26
50049 2388 34
50062 2389 13
50075 2390 13
50085 2391 10
50121 2392 36
50128 2393 7
50141 2394 13
50148 2395 7
50159 2396 11
50190 2397 31
50207 2398 17
50219 2399 12
50236 2400 17
50245 2401 9
50260 2402 15
50277 2403 17
50315 2404 38
50332 2405 17
50342 2406 10
50361 2407 19
50374 2408 13
50384 2409 10
50400 2410 16
50410 2411 10
50417 2412 7
50429 2413 12
50442 2414 13
50458 2415 16
50477 2416 19
50484 2417 7
50497 2418 13
50510 2419 13
50539 2420 29
50558 2421 19
50570 2422 12
50577 2423 7
50599 2424 22
50614 2425 15
50624 2426 10
50643 2427 19
50661 2428 18
50673 2429 12
50696 2430 23
50707 2431 11
50715 2432 8
50724 2433 9
50733 2434 9
50741 2435 8
50770 2436 29
50777 2437 7
50813 2438 36
50820 2439 7
50827 2440 7
50849 2441 22
50870 2442 21
50878 2443 8
50900 2444 22
50916 2445 16
50924 2446 8
50931 2447 7
50941 2448 10
50953 2449 12
50961 2450 8
50968 2451 7
50984 2452 16
50996 2453 12
51014 2454 18
51028 2455 14
51041 2456 13
51056 2457 15
51084 2458 28
51095 2459 11
51102 2460 7
51131 2461 29
51140 2462 9
51147 2463 7
51169 2464 22
51176 2465 7
51185 2466 9
51201 2467 16
51216 2468 15
51224 2469 8
51239 2470 15
51271 2471 32
51290 2472 19
51306 2473 16
51319 2474 13
51338 2475 19
51351 2476 13
51358 2477 7
51367 2478 9
51374 2479 7
51384 2480 10
51408 2481 24
51417 2482 9
51424 2483 7
51449 2484 25
51462 2485 13
51470 2486 8
51494 2487 24
51508 2488 14
51518 2489 10
51525 2490 7
51565 2491 40
51575 2492 10
51588 2493 13
51599 2494 11
51612 2495 13
51628 2496 16
51638 2497 10
51661 2498 23
51686 2499 25
51700 2500 14
51709 2501 9
51716 2502 7
51725 2503 9
51744 2504 19
51769 2505 25
51783 2506 14
51792 2507 9
51802 2508 10
51809 2509 7
51823 2510 14
51830 2511 7
51847 2512 17
51855 2513 8
51865 2514 10
51873 2515 8
51882 2516 9
51899 2517 17
51911 2518 12
51923 2519 12
51993 2520 70
52022 2521 29
52035 2522 13
52060 2523 25
52070 2524 10
52082 2525 12
52092 2526 10
52117 2527 25
52128 2528 11
52135 2529 7
52176 2530 41
52183 2531 7
52197 2532 14
52204 2533 7
52232 2534 28
52239 2535 7
52246 2536 7
52258 2537 12
52265 2538 7
52287 2539 22
52295 2540 8
52310 2541 15
52340 2542 30
52369 2543 29
52395 2544 26
52402 2545 7
52409 2546 7
52430 2547 21
52456 2548 26
52463 2549 7
52475 2550 12
52493 2551 18
52509 2552 16
52520 2553 11
52535 2554 15
52563 2555 28
52570 2556 7
52588 2557 18
52598 2558 10
52611 2559 13
52625 2560 14
52639 2561 14
52662 2562 23
52674 2563 12
52707 2564 33
52715 2565 8
52724 2566 9
52736 2567 12
52745 2568 9
52755 2569 10
52779 2570 24
52791 2571 12
52799 2572 8
52817 2573 18
52824 2574 7
52840 2575 16
52850 2576 10
52870 2577 20
52891 2578 21
52901 2579 10
52910 2580 9
52920 2581 10
52928 2582 8
52935 2583 7
52945 2584 10
52965 2585 20
52989 2586 24
52999 2587 10
53006 2588 7
53021 2589 15
53038 2590 17
53057 2591 19
53084 2592 27
53099 2593 15
53108 2594 9
53129 2595 21
53148 2596 19
53164 2597 16
53180 2598 16
53198 2599 18
53208 2600 10
53224 2601 16
53251 2602 27
53261 2603 10
53277 2604 16
53289 2605 12
53299 2606 10
53306 2607 7
53327 2608 21
53350 2609 23
53357 2610 7
53400 2611 43
53429 2612 29
53436 2613 7
53455 2614 19
53471 2615 16
53478 2616 7
53497 2617 19
53506 2618 9
53517 2619 11
53527 2620 10
53541 2621 14
53555 2622 14
53565 2623 10
53574 2624 9
53581 2625 7
53591 2626 10
53604 2627 13
53617 2628 13
53627 2629 10
53640 2630 13
53656 2631 16
53666 2632 10
53685 2633 19
53693 2634 8
53718 2635 25
53730 2636 12
53753 2637 23
53765 2638 12
53805 2639 40
53814 2640 9
53837 2641 23
53865 2642 28
53875 2643 10
53882 2644 7
53902 2645 20
53909 2646 7
53916 2647 7
53933 2648 17
53949 2649 16
53957 2650 8
53964 2651 7
53977 2652 13
54004 2653 27
54023 2654 19
54031 2655 8
54038 2656 7
54045 2657 7
54058 2658 13
54065 2659 7
54076 2660 11
54083 2661 7
54119 2662 36
54138 2663 19
54168 2664 30
54180 2665 12
54204 2666 24
54213 2667 9
54220 2668 7
54247 2669 27
54273 2670 26
54280 2671 7
54287 2672 7
54308 2673 21
54319 2674 11
54335 2675 16
54342 2676 7
54358 2677 16
54367 2678 9
54378 2679 11
54399 2680 21
54406 2681 7
54417 2682 11
54426 2683 9
54440 2684 14
54454 2685 14
54481 2686 27
54491 2687 10
54505 2688 14
54530 2689 25
54540 2690 10
54567 2691 27
54574 2692 7
54584 2693 10
54598 2694 14
54617 2695 19
54638 2696 21
54654 2697 16
54677 2698 23
54685 2699 8
54695 2700 10
54705 2701 10
54727 2702 22
54734 2703 7
54761 2704 27
54774 2705 13
54782 2706 8
54793 2707 11
54812 2708 19
54821 2709 9
54839 2710 18
54852 2711 13
54860 2712 8
54878 2713 18
54886 2714 8
54898 2715 12
54905 2716 7
54913 2717 8
54925 2718 12
54935 2719 10
54948 2720 13
54963 2721 15
54973 2722 10
54986 2723 13
55000 2724 14
55022 2725 22
55032 2726 10
55051 2727 19
55060 2728 9
55079 2729 19
55090 2730 11
55107 2731 17
55117 2732 10
55137 2733 20
55144 2734 7
55186 2735 42
55199 2736 13
55213 2737 14
55220 2738 7
55230 2739 10
55243 2740 13
55256 2741 13
55284 2742 28
55291 2743 7
55298 2744 7
55305 2745 7
55321 2746 16
55331 2747 10
55338 2748 7
55351 2749 13
55363 2750 12
55375 2751 12
55382 2752 7
55391 2753 9
55404 2754 13
55415 2755 11
55423 2756 8
55433 2757 10
55450 2758 17
55463 2759 13
55476 2760 13
55496 2761 20
55509 2762 13
55516 2763 7
55523 2764 7
55541 2765 18
55554 2766 13
55562 2767 8
55583 2768 21
55596 2769 13
55606 2770 10
55616 2771 10
55626 2772 10
55633 2773 7
55643 2774 10
55656 2775 13
55676 2776 20
55684 2777 8
55700 2778 16
55708 2779 8
55718 2780 10
55736 2781 18
55743 2782 7
55756 2783 13
55768 2784 12
55777 2785 9
55789 2786 12
55802 2787 13
55815 2788 13
55828 2789 13
55843 2790 15
55852 2791 9
55868 2792 16
55875 2793 7
55894 2794 19
55929 2795 35
55936 2796 7
55952 2797 16
55968 2798 16
55982 2799 14
56000 2800 18
56019 2801 19
56065 2802 46
56078 2803 13
56097 2804 19
56111 2805 14
56133 2806 22
56151 2807 18
56166 2808 15
56182 2809 16
56189 2810 7
56196 2811 7
56203 2812 7
56213 2813 10
56239 2814 26
56246 2815 7
56258 2816 12
56274 2817 16
56295 2818 21
56316 2819 21
56323 2820 7
56336 2821 13
56345 2822 9
56352 2823 7
56381 2824 29
56405 2825 24
56412 2826 7
56435 2827 23
56442 2828 7
56451 2829 9
56467 2830 16
56477 2831 10
56487 2832 10
56495 2833 8
56503 2834 8
56511 2835 8
56521 2836 10
56531 2837 10
56551 2838 20
56566 2839 15
56574 2840 8
56582 2841 8
56598 2842 16
56605 2843 7
56612 2844 7
56629 2845 17
56643 2846 14
56656 2847 13
56674 2848 18
56684 2849 10
56711 2850 27
56719 2851 8
56734 2852 15
56753 2853 19
56766 2854 13
56775 2855 9
56790 2856 15
56799 2857 9
56823 2858 24
56831 2859 8
56843 2860 12
56850 2861 7
56858 2862 8
56872 2863 14
56879 2864 7
56886 2865 7
56893 2866 7
56908 2867 15
56920 2868 12
56930 2869 10
56937 2870 7
56954 2871 17
56967 2872 13
56980 2873 13
56990 2874 10
57000 2875 10
57022 2876 22
57044 2877 22
57051 2878 7
57065 2879 14
57077 2880 12
57101 2881 24
57111 2882 10
57118 2883 7
57131 2884 13
57139 2885 8
57179 2886 40
57199 2887 20
57207 2888 8
57214 2889 7
57228 2890 14
57241 2891 13
57254 2892 13
57280 2893 26
57301 2894 21
57321 2895 20
57328 2896 7
57339 2897 11
57367 2898 28
57388 2899 21
57395 2900 7
57405 2901 10
57421 2902 16
57453 2903 32
57466 2904 13
57482 2905 16
57490 2906 8
57497 2907 7
57507 2908 10
57514 2909 7
57522 2910 8
57534 2911 12
57548 2912 14
57555 2913 7
57562 2914 7
57577 2915 15
57588 2916 11
57620 2917 32
57627 2918 7
57653 2919 26
57669 2920 16
57687 2921 18
57694 2922 7
57702 2923 8
57725 2924 23
57732 2925 7
57746 2926 14
57753 2927 7
57767 2928 14
57774 2929 7
57783 2930 9
57797 2931 14
57815 2932 18
57837 2933 22
57844 2934 7
57853 2935 9
57869 2936 16
57899 2937 30
57916 2938 17
57926 2939 10
57938 2940 12
57964 2941 26
57971 2942 7
57983 2943 12
57990 2944 7
58023 2945 33
58033 2946 10
58051 2947 18
58058 2948 7
58066 2949 8
58086 2950 20
58094 2951 8
58101 2952 7
58111 2953 10
58121 2954 10
58129 2955 8
58140 2956 11
58147 2957 7
58165 2958 18
58175 2959 10
58184 2960 9
58198 2961 14
58205 2962 7
58214 2963 9
58221 2964 7
58234 2965 13
58241 2966 7
58251 2967 10
58264 2968 13
58291 2969 27
58298 2970 7
58308 2971 10
58317 2972 9
58333 2973 16
58340 2974 7
58347 2975 7
58355 2976 8
58367 2977 12
58378 2978 11
58385 2979 7
58394 2980 9
58403 2981 9
58412 2982 9
58439 2983 27
58452 2984 13
58480 2985 28
58487 2986 7
58503 2987 16
58513 2988 10
58530 2989 17
58546 2990 16
58559 2991 13
58570 2992 11
58580 2993 10
58599 2994 19
58607 2995 8
58614 2996 7
58621 2997 7
58631 2998 10
58655 2999 24
58696 3000 41
58703 3001 7
58713 3002 10
58726 3003 13
58741 3004 15
58759 3005 18
58766 3006 7
58776 3007 10
58792 3008 16
58807 3009 15
58827 3010 20
58837 3011 10
58844 3012 7
58857 3013 13
58881 3014 24
58891 3015 10
58916 3016 25
58925 3017 9
58952 3018 27
58961 3019 9
58972 3020 11
59015 3021 43
59044 3022 29
59051 3023 7
59060 3024 9
59083 3025 23
59098 3026 15
59106 3027 8
59141 3028 35
59163 3029 22
59173 3030 10
59180 3031 7
59204 3032 24
59214 3033 10
59228 3034 14
59238 3035 10
59251 3036 13
59260 3037 9
59270 3038 10
59278 3039 8
59288 3040 10
59301 3041 13
59320 3042 19
59340 3043 20
59347 3044 7
59354 3045 7
59366 3046 12
59383 3047 17
59397 3048 14
59407 3049 10
59426 3050 19
59452 3051 26
59459 3052 7
59467 3053 8
59483 3054 16
59498 3055 15
59511 3056 13
59538 3057 27
59548 3058 10
59555 3059 7
59567 3060 12
59577 3061 10
59587 3062 10
59594 3063 7
59616 3064 22
59631 3065 15
59649 3066 18
59656 3067 7
59666 3068 10
59673 3069 7
59690 3070 17
59698 3071 8
59717 3072 19
59726 3073 9
59733 3074 7
59741 3075 8
59749 3076 8
59760 3077 11
59771 3078 11
59778 3079 7
59794 3080 16
59815 3081 21
59823 3082 8
59832 3083 9
59841 3084 9
59852 3085 11
59859 3086 7
59866 3087 7
59896 3088 30
59908 3089 12
59918 3090 10
59957 3091 39
59970 3092 13
59984 3093 14
60002 3094 18
60012 3095 10
60021 3096 9
60052 3097 31
60071 3098 19
60081 3099 10
60088 3100 7
60099 3101 11
60109 3102 10
60127 3103 18
60139 3104 12
60146 3105 7
60156 3106 10
60180 3107 24
60192 3108 12
60205 3109 13
60224 3110 19
60234 3111 10
60265 3112 31
60275 3113 10
60286 3114 11
60293 3115 7
60306 3116 13
60333 3117 27
60346 3118 13
60364 3119 18
60371 3120 7
60398 3121 27
60420 3122 22
60433 3123 13
60455 3124 22
60475 3125 20
60492 3126 17
60500 3127 8
60510 3128 10
60535 3129 25
60548 3130 13
60555 3131 7
60577 3132 22
60588 3133 11
60598 3134 10
60613 3135 15
60620 3136 7
60771 3137 151
60806 3138 35
60856 3139 50
60881 3140 25
60890 3141 9
60953 3142 63
60960 3143 7
60967 3144 7
61005 3145 38
61040 3146 35
61131 3147 91
61203 3148 72
61326 3149 123
61368 3150 42
61376 3151 8
61429 3152 53
61478 3153 49
61517 3154 39
61533 3155 16
61563 3156 30
61597 3157 34
61610 3158 13
61617 3159 7
61640 3160 23
61653 3161 13
61683 3162 30
61692 3163 9
61701 3164 9
61718 3165 17
61749 3166 31
61758 3167 9
61784 3168 26
61792 3169 8
61809 3170 17
61826 3171 17
61850 3172 24
61860 3173 10
61887 3174 27
61908 3175 21
61929 3176 21
61943 3177 14
61969 3178 26
61977 3179 8
61985 3180 8
61999 3181 14
62012 3182 13
62028 3183 16
62047 3184 19
62058 3185 11
62082 3186 24
62107 3187 25
62120 3188 13
62128 3189 8
62172 3190 44
62180 3191 8
62187 3192 7
62194 3193 7
62222 3194 28
62238 3195 16
62255 3196 17
62264 3197 9
62292 3198 28
62309 3199 17
62318 3200 9
62350 3201 32
62382 3202 32
62390 3203 8
62400 3204 10
62441 3205 41
62464 3206 23
62484 3207 20
62491 3208 7
62499 3209 8
62520 3210 21
62560 3211 40
62568 3212 8
62576 3213 8
62585 3214 9
62602 3215 17
62616 3216 14
62624 3217 8
62632 3218 8
62642 3219 10
62656 3220 14
62670 3221 14
62688 3222 18
62707 3223 19
62721 3224 14
62734 3225 13
62766 3226 32
62819 3227 53
62826 3228 7
62834 3229 8
62851 3230 17
62864 3231 13
62900 3232 36
62939 3233 39
62949 3234 10
62959 3235 10
62969 3236 10
62977 3237 8
62996 3238 19
63013 3239 17
63024 3240 11
63032 3241 8
63045 3242 13
63055 3243 10
63072 3244 17
63083 3245 11
63098 3246 15
63127 3247 29
63137 3248 10
63173 3249 36
63181 3250 8
63190 3251 9
63201 3252 11
63213 3253 12
63221 3254 8
63235 3255 14
63254 3256 19
63263 3257 9
63274 3258 11
63282 3259 8
63296 3260 14
63304 3261 8
63315 3262 11
63328 3263 13
63336 3264 8
63353 3265 17
63368 3266 15
63384 3267 16
63392 3268 8
63404 3269 12
63413 3270 9
63422 3271 9
63433 3272 11
63441 3273 8
63451 3274 10
63474 3275 23
63484 3276 10
63498 3277 14
63526 3278 28
63534 3279 8
63541 3280 7
63558 3281 17
63575 3282 17
63586 3283 11
63597 3284 11
63608 3285 11
63616 3286 8
63627 3287 11
63638 3288 11
63646 3289 8
63666 3290 20
63680 3291 14
63689 3292 9
63708 3293 19
63722 3294 14
63733 3295 11
63743 3296 10
63760 3297 17
63768 3298 8
63777 3299 9
63784 3300 7
63801 3301 17
63810 3302 9
63827 3303 17
63834 3304 7
63843 3305 9
63852 3306 9
63861 3307 9
63878 3308 17
63886 3309 8
63903 3310 17
63915 3311 12
63928 3312 13
63949 3313 21
63964 3314 15
63973 3315 9
63981 3316 8
64016 3317 35
64070 3318 54
64088 3319 18
64101 3320 13
64109 3321 8
64117 3322 8
64158 3323 41
64166 3324 8
64174 3325 8
64190 3326 16
64234 3327 44
64251 3328 17
64265 3329 14
64275 3330 10
64292 3331 17
64304 3332 12
64312 3333 8
64326 3334 14
64334 3335 8
64351 3336 17
64358 3337 7
64389 3338 31
64397 3339 8
64406 3340 9
64417 3341 11
64432 3342 15
64441 3343 9
64452 3344 11
64462 3345 10
64469 3346 7
64480 3347 11
64516 3348 36
64536 3349 20
64544 3350 8
64553 3351 9
64561 3352 8
64573 3353 12
64600 3354 27
64614 3355 14
64628 3356 14
64657 3357 29
64665 3358 8
64685 3359 20
64706 3360 21
64718 3361 12
64725 3362 7
64733 3363 8
64742 3364 9
64762 3365 20
64770 3366 8
64786 3367 16
64806 3368 20
64814 3369 8
64835 3370 21
64842 3371 7
64849 3372 7
64860 3373 11
64871 3374 11
64878 3375 7
64894 3376 16
64914 3377 20
64932 3378 18
64940 3379 8
64964 3380 24
64982 3381 18
65000 3382 18
65015 3383 15
65040 3384 25
65057 3385 17
65071 3386 14
65079 3387 8
65090 3388 11
65101 3389 11
65109 3390 8
65120 3391 11
65130 3392 10
65141 3393 11
65152 3394 11
65161 3395 9
65178 3396 17
65187 3397 9
65209 3398 22
65217 3399 8
65231 3400 14
65242 3401 11
65250 3402 8
65257 3403 7
65269 3404 12
65277 3405 8
65289 3406 12
65304 3407 15
65312 3408 8
65323 3409 11
65331 3410 8
65341 3411 10
65369 3412 28
65376 3413 7
65393 3414 17
65419 3415 26
65427 3416 8
65450 3417 23
65482 3418 32
65515 3419 33
65523 3420 8
65537 3421 14
65547 3422 10
65555 3423 8
65563 3424 8
65570 3425 7
65591 3426 21
65607 3427 16
65621 3428 14
65629 3429 8
65643 3430 14
65665 3431 22
65676 3432 11
65707 3433 31
65716 3434 9
65736 3435 20
65753 3436 17
65771 3437 18
65785 3438 14
65815 3439 30
65824 3440 9
65859 3441 35
65868 3442 9
65885 3443 17
65911 3444 26
65932 3445 21
65946 3446 14
65957 3447 11
65983 3448 26
65990 3449 7
66001 3450 11
66009 3451 8
66044 3452 35
66051 3453 7
66059 3454 8
66074 3455 15
66087 3456 13
66095 3457 8
66103 3458 8
66113 3459 10
66121 3460 8
66129 3461 8
66139 3462 10
66170 3463 31
66181 3464 11
66204 3465 23
66220 3466 16
66243 3467 23
66251 3468 8
66263 3469 12
66295 3470 32
66323 3471 28
66339 3472 16
66347 3473 8
66361 3474 14
66373 3475 12
66391 3476 18
66414 3477 23
66431 3478 17
66442 3479 11
66450 3480 8
66470 3481 20
66482 3482 12
66508 3483 26
66518 3484 10
66532 3485 14
66540 3486 8
66563 3487 23
66570 3488 7
66599 3489 29
66607 3490 8
66615 3491 8
66624 3492 9
66641 3493 17
66652 3494 11
66661 3495 9
66669 3496 8
66692 3497 23
66709 3498 17
66726 3499 17
66734 3500 8
66742 3501 8
66770 3502 28
66796 3503 26
66805 3504 9
66823 3505 18
66838 3506 15
66863 3507 25
66872 3508 9
66882 3509 10
66896 3510 14
66944 3511 48
66952 3512 8
66963 3513 11
66983 3514 20
67000 3515 17
67022 3516 22
67036 3517 14
67044 3518 8
67052 3519 8
67063 3520 11
67082 3521 19
67118 3522 36
67135 3523 17
67149 3524 14
67157 3525 8
67180 3526 23
67194 3527 14
67222 3528 28
67230 3529 8
67237 3530 7
67245 3531 8
67253 3532 8
67273 3533 20
67282 3534 9
67296 3535 14
67342 3536 46
67350 3537 8
67364 3538 14
67393 3539 29
67434 3540 41
67449 3541 15
67472 3542 23
67484 3543 12
67496 3544 12
67511 3545 15
67528 3546 17
67541 3547 13
67580 3548 39
67591 3549 11
67601 3550 10
67609 3551 8
67637 3552 28
67693 3553 56
67721 3554 28
67740 3555 19
67747 3556 7
67783 3557 36
67791 3558 8
67808 3559 17
67817 3560 9
67861 3561 44
67872 3562 11
67880 3563 8
67887 3564 7
67898 3565 11
67914 3566 16
67925 3567 11
67940 3568 15
67962 3569 22
67974 3570 12
67982 3571 8
68012 3572 30
68020 3573 8
68056 3574 36
68086 3575 30
68108 3576 22
68133 3577 25
68149 3578 16
68170 3579 21
68192 3580 22
68217 3581 25
68231 3582 14
68238 3583 7
68253 3584 15
68262 3585 9
68270 3586 8
68281 3587 11
68295 3588 14
68319 3589 24
68332 3590 13
68340 3591 8
68358 3592 18
68381 3593 23
68404 3594 23
68415 3595 11
68432 3596 17
68440 3597 8
68452 3598 12
68485 3599 33
68501 3600 16
68516 3601 15
68530 3602 14
68544 3603 14
68567 3604 23
68599 3605 32
68613 3606 14
68626 3607 13
68637 3608 11
68647 3609 10
68658 3610 11
68672 3611 14
68686 3612 14
68700 3613 14
68715 3614 15
68748 3615 33
68762 3616 14
68774 3617 12
68782 3618 8
68804 3619 22
68818 3620 14
68853 3621 35
68871 3622 18
68888 3623 17
68911 3624 23
68935 3625 24
68947 3626 12
68960 3627 13
68968 3628 8
68994 3629 26
69007 3630 13
69017 3631 10
69025 3632 8
69038 3633 13
69056 3634 18
69064 3635 8
69072 3636 8
69096 3637 24
69110 3638 14
69124 3639 14
69135 3640 11
69148 3641 13
69159 3642 11
69167 3643 8
69180 3644 13
69200 3645 20
69217 3646 17
69231 3647 14
69256 3648 25
69267 3649 11
69292 3650 25
69306 3651 14
69333 3652 27
69344 3653 11
69360 3654 16
69371 3655 11
69385 3656 14
69411 3657 26
69422 3658 11
69439 3659 17
69455 3660 16
69472 3661 17
69482 3662 10
69493 3663 11
69501 3664 8
69512 3665 11
69543 3666 31
69552 3667 9
69563 3668 11
69571 3669 8
69591 3670 20
69626 3671 35
69634 3672 8
69644 3673 10
69654 3674 10
69665 3675 11
69675 3676 10
69683 3677 8
69691 3678 8
69707 3679 16
69753 3680 46
69767 3681 14
69795 3682 28
69809 3683 14
69826 3684 17
69846 3685 20
69857 3686 11
69869 3687 12
69877 3688 8
69892 3689 15
69900 3690 8
69907 3691 7
69924 3692 17
69944 3693 20
69957 3694 13
69989 3695 32
69999 3696 10
70007 3697 8
70027 3698 20
70036 3699 9
70043 3700 7
70058 3701 15
70069 3702 11
70083 3703 14
70093 3704 10
70100 3705 7
70109 3706 9
70116 3707 7
70141 3708 25
70152 3709 11
70169 3710 17
70185 3711 16
70195 3712 10
70207 3713 12
70222 3714 15
70234 3715 12
70248 3716 14
70259 3717 11
70269 3718 10
70277 3719 8
70303 3720 26
70314 3721 11
70325 3722 11
70348 3723 23
70359 3724 11
70372 3725 13
70382 3726 10
70396 3727 14
70407 3728 11
70445 3729 38
70466 3730 21
70474 3731 8
70497 3732 23
70505 3733 8
70521 3734 16
70529 3735 8
70565 3736 36
70585 3737 20
70596 3738 11
70613 3739 17
70621 3740 8
70638 3741 17
70664 3742 26
70683 3743 19
70706 3744 23
70717 3745 11
70725 3746 8
70742 3747 17
70750 3748 8
70773 3749 23
70788 3750 15
70812 3751 24
70838 3752 26
70869 3753 31
70884 3754 15
70892 3755 8
70925 3756 33
70933 3757 8
70962 3758 29
70976 3759 14
70984 3760 8
71004 3761 20
71015 3762 11
71030 3763 15
71046 3764 16
71053 3765 7
71076 3766 23
71104 3767 28
71127 3768 23
71141 3769 14
71149 3770 8
71190 3771 41
71210 3772 20
71242 3773 32
71256 3774 14
71263 3775 7
71282 3776 19
71290 3777 8
71301 3778 11
71309 3779 8
71317 3780 8
71335 3781 18
71359 3782 24
71376 3783 17
71392 3784 16
71400 3785 8
71408 3786 8
71416 3787 8
71424 3788 8
71441 3789 17
71452 3790 11
71465 3791 13
71480 3792 15
71490 3793 10
71498 3794 8
71508 3795 10
71524 3796 16
71532 3797 8
71544 3798 12
71555 3799 11
71566 3800 11
71578 3801 12
71596 3802 18
71608 3803 12
71621 3804 13
71636 3805 15
71646 3806 10
71654 3807 8
71668 3808 14
71676 3809 8
71689 3810 13
71706 3811 17
71714 3812 8
71724 3813 10
71736 3814 12
71758 3815 22
71789 3816 31
71801 3817 12
71817 3818 16
71827 3819 10
71838 3820 11
71846 3821 8
71858 3822 12
71882 3823 24
71890 3824 8
71904 3825 14
71931 3826 27
71941 3827 10
71978 3828 37
71986 3829 8
72002 3830 16
72019 3831 17
72060 3832 41
72071 3833 11
72082 3834 11
72104 3835 22
72117 3836 13
72133 3837 16
72162 3838 29
72178 3839 16
72185 3840 7
72193 3841 8
72206 3842 13
72217 3843 11
72236 3844 19
72244 3845 8
72257 3846 13
72267 3847 10
72282 3848 15
72293 3849 11
72303 3850 10
72324 3851 21
72332 3852 8
72346 3853 14
72357 3854 11
72365 3855 8
72378 3856 13
72389 3857 11
72419 3858 30
72430 3859 11
72442 3860 12
72450 3861 8
72479 3862 29
72502 3863 23
72526 3864 24
72539 3865 13
72556 3866 17
72571 3867 15
72582 3868 11
72590 3869 8
72601 3870 11
72637 3871 36
72662 3872 25
72678 3873 16
72696 3874 18
72710 3875 14
72731 3876 21
72745 3877 14
72752 3878 7
72764 3879 12
72775 3880 11
72782 3881 7
72794 3882 12
72803 3883 9
72813 3884 10
72823 3885 10
72833 3886 10
72848 3887 15
72855 3888 7
72870 3889 15
72881 3890 11
72891 3891 10
72914 3892 23
72922 3893 8
72933 3894 11
72947 3895 14
72957 3896 10
72970 3897 13
72992 3898 22
73000 3899 8
73011 3900 11
73019 3901 8
73026 3902 7
73034 3903 8
73054 3904 20
73069 3905 15
73080 3906 11
73087 3907 7
73100 3908 13
73111 3909 11
73133 3910 22
73154 3911 21
73169 3912 15
73177 3913 8
73202 3914 25
73210 3915 8
73218 3916 8
73243 3917 25
73251 3918 8
73265 3919 14
73297 3920 32
73315 3921 18
73326 3922 11
73334 3923 8
73384 3924 50
73399 3925 15
73424 3926 25
73432 3927 8
73454 3928 22
73486 3929 32
73494 3930 8
73508 3931 14
73516 3932 8
73526 3933 10
73548 3934 22
73562 3935 14
73574 3936 12
73582 3937 8
73593 3938 11
73607 3939 14
73615 3940 8
73623 3941 8
73636 3942 13
73646 3943 10
73659 3944 13
73678 3945 19
73689 3946 11
73701 3947 12
73721 3948 20
73736 3949 15
73744 3950 8
73759 3951 15
73778 3952 19
73789 3953 11
73798 3954 9
73819 3955 21
73835 3956 16
73852 3957 17
73866 3958 14
73874 3959 8
73900 3960 26
73918 3961 18
73933 3962 15
73943 3963 10
73951 3964 8
73972 3965 21
73990 3966 18
74001 3967 11
74008 3968 7
74027 3969 19
74037 3970 10
74052 3971 15
74076 3972 24
74098 3973 22
74105 3974 7
74117 3975 12
74141 3976 24
74156 3977 15
74171 3978 15
74178 3979 7
74186 3980 8
74204 3981 18
74212 3982 8
74226 3983 14
74234 3984 8
74241 3985 7
74255 3986 14
74279 3987 24
74295 3988 16
74302 3989 7
74309 3990 7
74317 3991 8
74328 3992 11
74342 3993 14
74350 3994 8
74366 3995 16
74374 3996 8
74409 3997 35
74442 3998 33
74450 3999 8
74477 4000 27
74488 4001 11
74499 4002 11
74507 4003 8
74521 4004 14
74529 4005 8
74537 4006 8
74551 4007 14
74561 4008 10
74578 4009 17
74586 4010 8
74602 4011 16
74612 4012 10
74620 4013 8
74633 4014 13
74640 4015 7
74648 4016 8
74663 4017 15
74671 4018 8
74681 4019 10
74699 4020 18
74707 4021 8
74715 4022 8
74730 4023 15
74748 4024 18
74764 4025 16
74772 4026 8
74780 4027 8
74794 4028 14
74808 4029 14
74826 4030 18
74838 4031 12
74849 4032 11
74869 4033 20
74877 4034 8
74894 4035 17
74907 4036 13
74915 4037 8
74927 4038 12
74937 4039 10
74977 4040 40
74985 4041 8
74995 4042 10
75002 4043 7
75010 4044 8
75020 4045 10
75031 4046 11
75039 4047 8
75062 4048 23
75070 4049 8
75086 4050 16
75097 4051 11
75105 4052 8
75119 4053 14
75137 4054 18
75145 4055 8
75153 4056 8
75161 4057 8
75169 4058 8
75178 4059 9
75186 4060 8
75202 4061 16
75212 4062 10
75223 4063 11
75244 4064 21
75252 4065 8
75271 4066 19
75296 4067 25
75304 4068 8
75320 4069 16
75348 4070 28
75356 4071 8
75371 4072 15
75394 4073 23
75402 4074 8
75417 4075 15
75444 4076 27
75462 4077 18
75486 4078 24
75493 4079 7
75501 4080 8
75523 4081 22
75532 4082 9
75554 4083 22
75562 4084 8
75579 4085 17
75623 4086 44
75637 4087 14
75654 4088 17
75668 4089 14
75679 4090 11
75703 4091 24
75716 4092 13
75728 4093 12
75739 4094 11
75752 4095 13
75769 4096 17
75777 4097 8
75789 4098 12
75813 4099 24
75829 4100 16
75839 4101 10
75850 4102 11
75863 4103 13
75878 4104 15
75888 4105 10
75910 4106 22
75919 4107 9
75927 4108 8
75938 4109 11
75950 4110 12
75958 4111 8
75972 4112 14
75984 4113 12
76000 4114 16
76015 4115 15
76032 4116 17
76044 4117 12
76052 4118 8
76062 4119 10
76074 4120 12
76107 4121 33
76121 4122 14
76157 4123 36
76175 4124 18
76191 4125 16
76202 4126 11
76215 4127 13
76224 4128 9
76232 4129 8
76249 4130 17
76268 4131 19
76279 4132 11
76293 4133 14
76313 4134 20
76332 4135 19
76346 4136 14
76364 4137 18
76378 4138 14
76386 4139 8
76400 4140 14
76416 4141 16
76427 4142 11
76462 4143 35
76473 4144 11
76492 4145 19
76503 4146 11
76511 4147 8
76530 4148 19
76548 4149 18
76559 4150 11
76570 4151 11
76589 4152 19
76598 4153 9
76609 4154 11
76624 4155 15
76632 4156 8
76642 4157 10
76654 4158 12
76667 4159 13
76675 4160 8
76698 4161 23
76709 4162 11
76718 4163 9
76726 4164 8
76750 4165 24
76757 4166 7
76767 4167 10
76778 4168 11
76786 4169 8
76799 4170 13
76807 4171 8
76818 4172 11
76832 4173 14
76843 4174 11
76858 4175 15
76882 4176 24
76892 4177 10
76908 4178 16
76919 4179 11
76927 4180 8
76947 4181 20
76955 4182 8
76966 4183 11
76979 4184 13
76986 4185 7
77000 4186 14
77017 4187 17
77052 4188 35
77071 4189 19
77083 4190 12
77090 4191 7
77111 4192 21
77130 4193 19
77137 4194 7
77154 4195 17
77171 4196 17
77187 4197 16
77214 4198 27
77228 4199 14
77254 4200 26
77263 4201 9
77274 4202 11
77287 4203 13
77299 4204 12
77312 4205 13
77325 4206 13
77336 4207 11
77350 4208 14
77358 4209 8
77372 4210 14
77380 4211 8
77391 4212 11
77403 4213 12
77411 4214 8
77434 4215 23
77458 4216 24
77470 4217 12
77481 4218 11
77496 4219 15
77521 4220 25
77534 4221 13
77548 4222 14
77559 4223 11
77568 4224 9
77579 4225 11
77593 4226 14
77609 4227 16
77619 4228 10
77638 4229 19
77646 4230 8
77654 4231 8
77662 4232 8
77674 4233 12
77682 4234 8
77690 4235 8
77725 4236 35
77732 4237 7
77745 4238 13
77759 4239 14
77800 4240 41
77808 4241 8
77825 4242 17
77841 4243 16
77854 4244 13
77865 4245 11
77895 4246 30
77907 4247 12
77923 4248 16
77930 4249 7
77937 4250 7
77978 4251 41
78012 4252 34
78021 4253 9
78043 4254 22
78066 4255 23
78076 4256 10
78090 4257 14
78098 4258 8
78109 4259 11
78135 4260 26
78147 4261 12
78160 4262 13
78175 4263 15
78190 4264 15
78197 4265 7
78214 4266 17
78225 4267 11
78242 4268 17
78268 4269 26
78279 4270 11
78289 4271 10
78300 4272 11
78321 4273 21
78334 4274 13
78345 4275 11
78360 4276 15
78384 4277 24
78392 4278 8
78408 4279 16
78427 4280 19
78442 4281 15
78453 4282 11
78465 4283 12
78476 4284 11
78484 4285 8
78507 4286 23
78538 4287 31
78558 4288 20
78566 4289 8
78590 4290 24
78615 4291 25
78623 4292 8
78633 4293 10
78655 4294 22
78663 4295 8
78684 4296 21
78703 4297 19
78716 4298 13
78740 4299 24
78748 4300 8
78767 4301 19
78774 4302 7
78789 4303 15
78797 4304 8
78810 4305 13
78864 4306 54
78878 4307 14
78886 4308 8
78897 4309 11
78915 4310 18
78933 4311 18
78942 4312 9
78965 4313 23
78973 4314 8
78983 4315 10
78991 4316 8
79001 4317 10
79018 4318 17
79028 4319 10
79036 4320 8
79046 4321 10
79064 4322 18
79078 4323 14
79093 4324 15
79110 4325 17
79124 4326 14
79149 4327 25
79162 4328 13
79172 4329 10
79179 4330 7
79187 4331 8
79214 4332 27
79221 4333 7
79233 4334 12
79253 4335 20
79265 4336 12
79273 4337 8
79285 4338 12
79300 4339 15
79312 4340 12
79329 4341 17
79346 4342 17
79365 4343 19
79392 4344 27
79400 4345 8
79426 4346 26
79434 4347 8
79456 4348 22
79491 4349 35
79512 4350 21
79522 4351 10
79530 4352 8
79543 4353 13
79554 4354 11
79564 4355 10
79572 4356 8
79580 4357 8
79588 4358 8
79605 4359 17
79621 4360 16
79640 4361 19
79654 4362 14
79676 4363 22
79689 4364 13
79703 4365 14
79726 4366 23
79740 4367 14
79747 4368 7
79777 4369 30
79792 4370 15
79830 4371 38
79855 4372 25
79876 4373 21
79887 4374 11
79894 4375 7
79913 4376 19
79924 4377 11
79935 4378 11
79946 4379 11
79963 4380 17
79971 4381 8
79979 4382 8
80009 4383 30
80017 4384 8
80030 4385 13
80040 4386 10
80072 4387 32
80098 4388 26
80114 4389 16
80122 4390 8
80146 4391 24
80169 4392 23
80187 4393 18
80199 4394 12
80219 4395 20
80226 4396 7
80237 4397 11
80253 4398 16
80264 4399 11
80291 4400 27
80300 4401 9
80311 4402 11
80330 4403 19
80340 4404 10
80359 4405 19
80375 4406 16
80395 4407 20
80410 4408 15
80424 4409 14
80438 4410 14
80462 4411 24
80471 4412 9
80480 4413 9
80526 4414 46
80559 4415 33
80576 4416 17
80589 4417 13
80612 4418 23
80636 4419 24
80655 4420 19
80668 4421 13
80676 4422 8
80698 4423 22
80708 4424 10
80739 4425 31
80747 4426 8
80754 4427 7
80765 4428 11
80787 4429 22
80823 4430 36
80833 4431 10
80851 4432 18
80862 4433 11
80870 4434 8
80878 4435 8
80885 4436 7
80900 4437 15
80908 4438 8
80920 4439 12
80931 4440 11
80949 4441 18
80969 4442 20
80988 4443 19
80996 4444 8
81004 4445 8
81014 4446 10
81030 4447 16
81037 4448 7
81052 4449 15
81063 4450 11
81071 4451 8
81088 4452 17
81101 4453 13
81138 4454 37
81154 4455 16
81167 4456 13
81197 4457 30
81205 4458 8
81218 4459 13
81226 4460 8
81237 4461 11
81249 4462 12
81262 4463 13
81307 4464 45
81315 4465 8
81325 4466 10
81355 4467 30
81368 4468 13
81390 4469 22
81405 4470 15
81424 4471 19
81432 4472 8
81456 4473 24
81467 4474 11
81483 4475 16
81501 4476 18
81511 4477 10
81522 4478 11
81530 4479 8
81548 4480 18
81556 4481 8
81568 4482 12
81576 4483 8
81596 4484 20
81612 4485 16
81627 4486 15
81653 4487 26
81664 4488 11
81692 4489 28
81700 4490 8
81711 4491 11
81719 4492 8
81726 4493 7
81755 4494 29
81763 4495 8
81782 4496 19
81799 4497 17
81807 4498 8
81824 4499 17
81834 4500 10
81852 4501 18
81862 4502 10
81871 4503 9
81882 4504 11
81890 4505 8
81906 4506 16
81933 4507 27
81942 4508 9
81955 4509 13
81967 4510 12
81979 4511 12
81990 4512 11
81998 4513 8
82024 4514 26
82034 4515 10
82050 4516 16
82067 4517 17
82081 4518 14
82099 4519 18
82114 4520 15
82122 4521 8
82132 4522 10
82146 4523 14
82154 4524 8
82165 4525 11
82179 4526 14
82189 4527 10
82196 4528 7
82210 4529 14
82224 4530 14
82245 4531 21
82264 4532 19
82273 4533 9
82305 4534 32
82326 4535 21
82340 4536 14
82368 4537 28
82398 4538 30
82445 4539 47
82467 4540 22
82487 4541 20
82499 4542 12
82515 4543 16
82531 4544 16
82540 4545 9
82554 4546 14
82571 4547 17
82581 4548 10
82599 4549 18
82612 4550 13
82619 4551 7
82627 4552 8
82637 4553 10
82645 4554 8
82653 4555 8
82676 4556 23
82694 4557 18
82710 4558 16
82717 4559 7
82728 4560 11
82735 4561 7
82742 4562 7
82756 4563 14
82772 4564 16
82782 4565 10
82790 4566 8
82800 4567 10
82807 4568 7
82826 4569 19
82841 4570 15
82851 4571 10
82859 4572 8
82867 4573 8
82880 4574 13
82888 4575 8
82903 4576 15
82935 4577 32
82961 4578 26
82992 4579 31
83008 4580 16
83025 4581 17
83033 4582 8
83048 4583 15
83070 4584 22
83080 4585 10
83105 4586 25
83113 4587 8
83123 4588 10
83130 4589 7
83140 4590 10
83150 4591 10
83161 4592 11
83175 4593 14
83210 4594 35
83218 4595 8
83233 4596 15
83246 4597 13
83253 4598 7
83261 4599 8
83281 4600 20
83292 4601 11
83311 4602 19
83319 4603 8
83340 4604 21
83363 4605 23
83370 4606 7
83391 4607 21
83405 4608 14
83421 4609 16
83441 4610 20
83453 4611 12
83514 4612 61
83537 4613 23
83560 4614 23
83574 4615 14
83582 4616 8
83590 4617 8
83597 4618 7
83606 4619 9
83614 4620 8
83628 4621 14
83642 4622 14
83650 4623 8
83668 4624 18
83676 4625 8
83694 4626 18
83711 4627 17
83719 4628 8
83739 4629 20
83750 4630 11
83759 4631 9
83767 4632 8
83783 4633 16
83790 4634 7
83807 4635 17
83818 4636 11
83832 4637 14
83849 4638 17
83864 4639 15
83880 4640 16
83891 4641 11
83903 4642 12
83953 4643 50
83985 4644 32
84001 4645 16
84009 4646 8
84020 4647 11
84028 4648 8
84037 4649 9
84048 4650 11
84057 4651 9
84067 4652 10
84078 4653 11
84095 4654 17
84111 4655 16
84122 4656 11
84130 4657 8
84156 4658 26
84189 4659 33
84209 4660 20
84217 4661 8
84232 4662 15
84246 4663 14
84265 4664 19
84289 4665 24
84300 4666 11
84308 4667 8
84316 4668 8
84326 4669 10
84338 4670 12
84352 4671 14
84363 4672 11
84371 4673 8
84378 4674 7
84392 4675 14
84400 4676 8
84420 4677 20
84431 4678 11
84444 4679 13
84456 4680 12
84464 4681 8
84499 4682 35
84517 4683 18
84543 4684 26
84557 4685 14
84571 4686 14
84579 4687 8
84587 4688 8
84597 4689 10
84605 4690 8
84612 4691 7
84629 4692 17
84643 4693 14
84657 4694 14
84665 4695 8
84685 4696 20
84696 4697 11
84719 4698 23
84742 4699 23
84750 4700 8
84767 4701 17
84789 4702 22
84797 4703 8
84814 4704 17
84832 4705 18
84850 4706 18
84873 4707 23
84885 4708 12
84911 4709 26
84919 4710 8
84939 4711 20
84947 4712 8
84961 4713 14
84972 4714 11
84993 4715 21
85007 4716 14
85017 4717 10
85035 4718 18
85046 4719 11
85054 4720 8
85070 4721 16
85085 4722 15
85093 4723 8
85102 4724 9
85113 4725 11
85120 4726 7
85138 4727 18
85152 4728 14
85163 4729 11
85177 4730 14
85198 4731 21
85206 4732 8
85218 4733 12
85229 4734 11
85261 4735 32
85280 4736 19
85288 4737 8
85313 4738 25
85339 4739 26
85349 4740 10
85363 4741 14
85380 4742 17
85388 4743 8
85405 4744 17
85414 4745 9
85430 4746 16
85443 4747 13
85454 4748 11
85483 4749 29
85491 4750 8
85526 4751 35
85534 4752 8
85545 4753 11
85556 4754 11
85591 4755 35
85607 4756 16
85615 4757 8
85629 4758 14
85637 4759 8
85645 4760 8
85653 4761 8
85668 4762 15
85679 4763 11
85686 4764 7
85697 4765 11
85715 4766 18
85722 4767 7
85739 4768 17
85759 4769 20
85784 4770 25
85798 4771 14
85806 4772 8
85814 4773 8
85827 4774 13
85838 4775 11
85848 4776 10
85863 4777 15
85882 4778 19
85890 4779 8
85919 4780 29
85933 4781 14
85945 4782 12
85967 4783 22
85978 4784 11
86002 4785 24
86013 4786 11
86033 4787 20
86044 4788 11
86055 4789 11
86072 4790 17
86081 4791 9
86089 4792 8
86103 4793 14
86120 4794 17
86153 4795 33
86166 4796 13
86181 4797 15
86196 4798 15
86226 4799 30
86236 4800 10
86244 4801 8
86252 4802 8
86266 4803 14
86280 4804 14
86297 4805 17
86304 4806 7
86311 4807 7
86320 4808 9
86328 4809 8
86351 4810 23
86365 4811 14
86374 4812 9
86405 4813 31
86422 4814 17
86448 4815 26
86458 4816 10
86478 4817 20
86485 4818 7
86494 4819 9
86511 4820 17
86549 4821 38
86563 4822 14
86604 4823 41
86615 4824 11
86632 4825 17
86640 4826 8
86651 4827 11
86668 4828 17
86677 4829 9
86684 4830 7
86738 4831 54
86755 4832 17
86766 4833 11
86779 4834 13
86807 4835 28
86822 4836 15
86846 4837 24
86878 4838 32
86892 4839 14
86900 4840 8
86930 4841 30
86946 4842 16
86954 4843 8
86970 4844 16
86983 4845 13
86990 4846 7
87008 4847 18
87020 4848 12
87031 4849 11
87042 4850 11
87086 4851 44
87094 4852 8
87105 4853 11
87119 4854 14
87127 4855 8
87138 4856 11
87146 4857 8
87160 4858 14
87171 4859 11
87182 4860 11
87204 4861 22
87222 4862 18
87233 4863 11
87277 4864 44
87285 4865 8
87293 4866 8
87301 4867 8
87315 4868 14
87332 4869 17
87339 4870 7
87350 4871 11
87361 4872 11
87387 4873 26
87395 4874 8
87409 4875 14
87423 4876 14
87430 4877 7
87440 4878 10
87464 4879 24
87475 4880 11
87483 4881 8
87500 4882 17
87514 4883 14
87531 4884 17
87539 4885 8
87553 4886 14
87582 4887 29
87599 4888 17
87607 4889 8
87615 4890 8
87625 4891 10
87633 4892 8
87650 4893 17
87658 4894 8
87681 4895 23
87701 4896 20
87709 4897 8
87725 4898 16
87736 4899 11
87747 4900 11
87758 4901 11
87766 4902 8
87789 4903 23
87797 4904 8
87805 4905 8
87813 4906 8
87844 4907 31
87865 4908 21
87874 4909 9
87894 4910 20
87926 4911 32
87933 4912 7
87948 4913 15
87956 4914 8
87981 4915 25
87991 4916 10
88002 4917 11
88010 4918 8
88029 4919 19
88037 4920 8
88047 4921 10
88058 4922 11
88073 4923 15
88083 4924 10
88091 4925 8
88099 4926 8
88120 4927 21
88155 4928 35
88163 4929 8
88170 4930 7
88183 4931 13
88194 4932 11
88216 4933 22
88227 4934 11
88238 4935 11
88256 4936 18
88275 4937 19
88282 4938 7
88299 4939 17
88307 4940 8
88317 4941 10
88325 4942 8
88346 4943 21
88353 4944 7
88368 4945 15
88394 4946 26
88412 4947 18
88428 4948 16
88445 4949 17
88454 4950 9
88475 4951 21
88486 4952 11
88497 4953 11
88507 4954 10
88516 4955 9
88557 4956 41
88577 4957 20
88588 4958 11
88602 4959 14
88629 4960 27
88643 4961 14
88657 4962 14
88669 4963 12
88677 4964 8
88685 4965 8
88718 4966 33
88732 4967 14
88741 4968 9
88749 4969 8
88757 4970 8
88778 4971 21
88791 4972 13
88802 4973 11
88810 4974 8
88827 4975 17
88834 4976 7
88842 4977 8
88856 4978 14
88863 4979 7
88871 4980 8
88885 4981 14
88899 4982 14
88916 4983 17
88930 4984 14
88945 4985 15
88961 4986 16
88984 4987 23
88995 4988 11
89011 4989 16
89022 4990 11
89039 4991 17
89054 4992 15
89079 4993 25
89089 4994 10
89100 4995 11
89110 4996 10
89118 4997 8
89129 4998 11
89137 4999 8
89150 5000 13
