Episodes Time-Steps Steps-In-One-Episode
0 0 0
1222 1 1222
1389 2 167
1604 3 215
1831 4 227
1901 5 70
2015 6 114
2161 7 146
2342 8 181
2461 9 119
2529 10 68
2558 11 29
2814 12 256
2926 13 112
2992 14 66
3028 15 36
3102 16 74
3147 17 45
3227 18 80
3253 19 26
3308 20 55
3450 21 142
3500 22 50
3582 23 82
3645 24 63
3703 25 58
3731 26 28
3804 27 73
3848 28 44
3925 29 77
3976 30 51
4023 31 47
4138 32 115
4164 33 26
4203 34 39
4249 35 46
4290 36 41
4421 37 131
4466 38 45
4493 39 27
4533 40 40
4555 41 22
4593 42 38
4643 43 50
4664 44 21
4688 45 24
4751 46 63
4775 47 24
4798 48 23
4851 49 53
4884 50 33
4904 51 20
4935 52 31
4965 53 30
4994 54 29
5018 55 24
5063 56 45
5081 57 18
5152 58 71
5178 59 26
5201 60 23
5274 61 73
5302 62 28
5335 63 33
5360 64 25
5384 65 24
5431 66 47
5455 67 24
5478 68 23
5496 69 18
5513 70 17
5534 71 21
5590 72 56
5635 73 45
5713 74 78
5743 75 30
5772 76 29
5818 77 46
5846 78 28
5870 79 24
5906 80 36
5948 81 42
5986 82 38
6009 83 23
6038 84 29
6068 85 30
6091 86 23
6110 87 19
6138 88 28
6174 89 36
6214 90 40
6239 91 25
6266 92 27
6283 93 17
6303 94 20
6328 95 25
6348 96 20
6368 97 20
6395 98 27
6422 99 27
6450 100 28
6467 101 17
6485 102 18
6510 103 25
6532 104 22
6552 105 20
6582 106 30
6598 107 16
6619 108 21
6638 109 19
6674 110 36
6694 111 20
6711 112 17
6727 113 16
6742 114 15
6767 115 25
6807 116 40
6831 117 24
6846 118 15
6864 119 18
6879 120 15
6906 121 27
6922 122 16
6939 123 17
6954 124 15
6970 125 16
6985 126 15
7000 127 15
7015 128 15
7030 129 15
7045 130 15
7060 131 15
7075 132 15
7090 133 15
7105 134 15
7120 135 15
7135 136 15
7150 137 15
7165 138 15
7180 139 15
7195 140 15
7210 141 15
7225 142 15
7240 143 15
7256 144 16
7271 145 15
7286 146 15
7301 147 15
7316 148 15
7331 149 15
7346 150 15
7361 151 15
7376 152 15
7391 153 15
7406 154 15
7421 155 15
7436 156 15
7451 157 15
7466 158 15
7481 159 15
7496 160 15
7511 161 15
7526 162 15
7541 163 15
7556 164 15
7571 165 15
7586 166 15
7601 167 15
7616 168 15
7631 169 15
7646 170 15
7661 171 15
7676 172 15
7691 173 15
7706 174 15
7721 175 15
7736 176 15
7751 177 15
7766 178 15
7781 179 15
7796 180 15
7811 181 15
7826 182 15
7841 183 15
7856 184 15
7871 185 15
7886 186 15
7901 187 15
7916 188 15
7931 189 15
7946 190 15
7961 191 15
7976 192 15
7991 193 15
8006 194 15
8021 195 15
8036 196 15
8051 197 15
8066 198 15
8081 199 15
8096 200 15
