Episodes Time-Steps Steps-In-One-Episode
0 0 0
1520 1 1520
1816 2 296
1951 3 135
2315 4 364
2550 5 235
2672 6 122
2792 7 120
2814 8 22
2942 9 128
3165 10 223
3194 11 29
3239 12 45
3325 13 86
3375 14 50
3577 15 202
3603 16 26
3650 17 47
3805 18 155
3866 19 61
3887 20 21
3957 21 70
3975 22 18
4022 23 47
4037 24 15
4081 25 44
4193 26 112
4263 27 70
4286 28 23
4351 29 65
4371 30 20
4394 31 23
4409 32 15
4431 33 22
4441 34 10
4461 35 20
4587 36 126
4618 37 31
4637 38 19
4673 39 36
4743 40 70
4779 41 36
4811 42 32
4831 43 20
4902 44 71
4920 45 18
4952 46 32
4991 47 39
5006 48 15
5018 49 12
5056 50 38
5127 51 71
5174 52 47
5191 53 17
5215 54 24
5233 55 18
5277 56 44
5365 57 88
5380 58 15
5396 59 16
5421 60 25
5441 61 20
5471 62 30
5480 63 9
5533 64 53
5577 65 44
5586 66 9
5613 67 27
5629 68 16
5636 69 7
5659 70 23
5666 71 7
5675 72 9
5682 73 7
5694 74 12
5712 75 18
5721 76 9
5734 77 13
5743 78 9
5756 79 13
5797 80 41
5811 81 14
5840 82 29
5855 83 15
5869 84 14
5887 85 18
5899 86 12
5912 87 13
5937 88 25
5968 89 31
6014 90 46
6034 91 20
6053 92 19
6074 93 21
6160 94 86
6175 95 15
6190 96 15
6198 97 8
6226 98 28
6249 99 23
6265 100 16
6273 101 8
6280 102 7
6287 103 7
6296 104 9
6312 105 16
6322 106 10
6330 107 8
6361 108 31
6372 109 11
6379 110 7
6394 111 15
6403 112 9
6421 113 18
6428 114 7
6435 115 7
6442 116 7
6449 117 7
6456 118 7
6463 119 7
6470 120 7
6477 121 7
6485 122 8
6493 123 8
6501 124 8
6509 125 8
6517 126 8
6525 127 8
6533 128 8
6542 129 9
6550 130 8
6558 131 8
6567 132 9
6575 133 8
6583 134 8
6591 135 8
6599 136 8
6607 137 8
6615 138 8
6623 139 8
6631 140 8
6639 141 8
6647 142 8
6655 143 8
6663 144 8
6671 145 8
6679 146 8
6688 147 9
6711 148 23
6723 149 12
6736 150 13
6771 151 35
6781 152 10
6790 153 9
6797 154 7
6804 155 7
6818 156 14
6825 157 7
6832 158 7
6847 159 15
6855 160 8
6862 161 7
6869 162 7
6882 163 13
6897 164 15
6914 165 17
6931 166 17
6948 167 17
6994 168 46
7008 169 14
7055 170 47
7070 171 15
7079 172 9
7108 173 29
7123 174 15
7143 175 20
7160 176 17
7174 177 14
7218 178 44
7232 179 14
7239 180 7
7247 181 8
7254 182 7
7261 183 7
7278 184 17
7285 185 7
7299 186 14
7329 187 30
7338 188 9
7345 189 7
7352 190 7
7359 191 7
7366 192 7
7373 193 7
7380 194 7
7387 195 7
7394 196 7
7401 197 7
7408 198 7
7415 199 7
7422 200 7
