Episodes Time-Steps Steps-In-One-Episode
0 0 0
970 1 970
1210 2 240
1475 3 265
1677 4 202
1893 5 216
1944 6 51
1999 7 55
2066 8 67
2256 9 190
2425 10 169
2450 11 25
2470 12 20
2535 13 65
2609 14 74
2684 15 75
2713 16 29
2832 17 119
2862 18 30
2948 19 86
3056 20 108
3095 21 39
3146 22 51
3176 23 30
3248 24 72
3285 25 37
3382 26 97
3463 27 81
3505 28 42
3568 29 63
3620 30 52
3646 31 26
3711 32 65
3753 33 42
3781 34 28
3828 35 47
3953 36 125
4041 37 88
4072 38 31
4118 39 46
4148 40 30
4169 41 21
4196 42 27
4246 43 50
4270 44 24
4313 45 43
4367 46 54
4411 47 44
4495 48 84
4518 49 23
4546 50 28
4572 51 26
4596 52 24
4625 53 29
4649 54 24
4681 55 32
4712 56 31
4730 57 18
4768 58 38
4792 59 24
4814 60 22
4840 61 26
4859 62 19
4885 63 26
4914 64 29
4941 65 27
4956 66 15
4989 67 33
5043 68 54
5076 69 33
5113 70 37
5135 71 22
5185 72 50
5208 73 23
5225 74 17
5246 75 21
5282 76 36
5304 77 22
5327 78 23
5359 79 32
5375 80 16
5396 81 21
5416 82 20
5433 83 17
5463 84 30
5490 85 27
5510 86 20
5532 87 22
5552 88 20
5567 89 15
5592 90 25
5608 91 16
5623 92 15
5641 93 18
5659 94 18
5680 95 21
5697 96 17
5719 97 22
5735 98 16
5753 99 18
5768 100 15
5796 101 28
5822 102 26
5837 103 15
5857 104 20
5877 105 20
5893 106 16
5908 107 15
5924 108 16
5942 109 18
5957 110 15
5973 111 16
5989 112 16
6004 113 15
6020 114 16
6035 115 15
6051 116 16
6067 117 16
6082 118 15
6098 119 16
6114 120 16
6130 121 16
6146 122 16
6162 123 16
6178 124 16
6194 125 16
6210 126 16
6226 127 16
6242 128 16
6258 129 16
6274 130 16
6290 131 16
6306 132 16
6322 133 16
6338 134 16
6354 135 16
6370 136 16
6386 137 16
6402 138 16
6418 139 16
6434 140 16
6450 141 16
6466 142 16
6482 143 16
6498 144 16
6514 145 16
6530 146 16
6546 147 16
6562 148 16
6578 149 16
6594 150 16
6610 151 16
6626 152 16
6642 153 16
6658 154 16
6674 155 16
6690 156 16
6706 157 16
6722 158 16
6739 159 17
6755 160 16
6771 161 16
6787 162 16
6803 163 16
6819 164 16
6835 165 16
6851 166 16
6867 167 16
6883 168 16
6899 169 16
6915 170 16
6931 171 16
6947 172 16
6962 173 15
6978 174 16
6994 175 16
7010 176 16
7026 177 16
7042 178 16
7058 179 16
7074 180 16
7090 181 16
7106 182 16
7122 183 16
7138 184 16
7154 185 16
7170 186 16
7186 187 16
7202 188 16
7218 189 16
7234 190 16
7250 191 16
7266 192 16
7282 193 16
7298 194 16
7314 195 16
7330 196 16
7346 197 16
7362 198 16
7378 199 16
7394 200 16
