Episodes Time-Steps Steps-In-One-Episode
0 0 0
1568 1 1568
1739 2 171
1808 3 69
2022 4 214
2072 5 50
2231 6 159
2341 7 110
2503 8 162
2605 9 102
2669 10 64
2699 11 30
2722 12 23
2816 13 94
2924 14 108
2944 15 20
3021 16 77
3051 17 30
3074 18 23
3202 19 128
3220 20 18
3340 21 120
3395 22 55
3492 23 97
3519 24 27
3606 25 87
3628 26 22
3644 27 16
3689 28 45
3734 29 45
3753 30 19
3819 31 66
3840 32 21
3854 33 14
3885 34 31
3897 35 12
3991 36 94
4018 37 27
4046 38 28
4077 39 31
4097 40 20
4126 41 29
4145 42 19
4162 43 17
4234 44 72
4329 45 95
4351 46 22
4385 47 34
4409 48 24
4431 49 22
4440 50 9
4466 51 26
4497 52 31
4517 53 20
4524 54 7
4549 55 25
4566 56 17
4585 57 19
4602 58 17
4618 59 16
4642 60 24
4663 61 21
4685 62 22
4698 63 13
4731 64 33
4741 65 10
4769 66 28
4815 67 46
4823 68 8
4833 69 10
4840 70 7
4848 71 8
4855 72 7
4862 73 7
4869 74 7
4876 75 7
4883 76 7
4890 77 7
4897 78 7
4904 79 7
4911 80 7
4918 81 7
4925 82 7
4932 83 7
4939 84 7
4946 85 7
4953 86 7
4960 87 7
4967 88 7
4974 89 7
4981 90 7
4988 91 7
4995 92 7
5002 93 7
5009 94 7
5016 95 7
5023 96 7
5030 97 7
5037 98 7
5044 99 7
5051 100 7
5058 101 7
5065 102 7
5072 103 7
5079 104 7
5086 105 7
5093 106 7
5100 107 7
5107 108 7
5114 109 7
5121 110 7
5128 111 7
5135 112 7
5142 113 7
5149 114 7
5156 115 7
5163 116 7
5170 117 7
5177 118 7
5184 119 7
5191 120 7
5198 121 7
5205 122 7
5212 123 7
5219 124 7
5226 125 7
5233 126 7
5240 127 7
5247 128 7
5254 129 7
5261 130 7
5268 131 7
5275 132 7
5282 133 7
5289 134 7
5296 135 7
5303 136 7
5310 137 7
5317 138 7
5324 139 7
5331 140 7
5338 141 7
5345 142 7
5352 143 7
5359 144 7
5366 145 7
5373 146 7
5380 147 7
5387 148 7
5394 149 7
5401 150 7
5408 151 7
5415 152 7
5422 153 7
5429 154 7
5436 155 7
5443 156 7
5450 157 7
5457 158 7
5464 159 7
5471 160 7
5478 161 7
5485 162 7
5492 163 7
5499 164 7
5506 165 7
5513 166 7
5520 167 7
5527 168 7
5534 169 7
5541 170 7
5548 171 7
5555 172 7
5562 173 7
5569 174 7
5576 175 7
5583 176 7
5590 177 7
5597 178 7
5604 179 7
5611 180 7
5618 181 7
5625 182 7
5632 183 7
5639 184 7
5646 185 7
5653 186 7
5660 187 7
5667 188 7
5674 189 7
5682 190 8
5689 191 7
5696 192 7
5703 193 7
5712 194 9
5730 195 18
5737 196 7
5746 197 9
5762 198 16
5769 199 7
5776 200 7
